128,8370280
256,8301380
384,8730110
512,10805280
640,8268910
768,8266530
896,8275460
1024,8277200
1152,8268940
1280,8281990
1408,8267250
1536,8279340
1664,8266100
1792,8295650
1920,8266280
2048,8265400
2176,8287210
2304,8340870
2432,8315950
2560,8279150
2688,8315880
2816,8266870
2944,8277580
3072,8270960
3200,8345220
3328,8282310
3456,8265940
3584,8268390
3712,8333490
3840,8271810
3968,8264610
4096,8283550
4224,8267010
4352,8267990
4480,8276840
4608,8269090
4736,8276550
4864,8268210
4992,8271710
5120,8278970
5248,8272650
5376,8355710
5504,8398160
5632,8268280
5760,8269180
5888,8281510
6016,8273920
6144,8269170
6272,8336490
6400,8272160
6528,8266520
6656,8286460
6784,8267920
6912,8270390
7040,8334330
7168,8273080
7296,8283020
7424,8275590
7552,8282780
7680,8288270
7808,8272830
7936,8267830
8064,8288630
8192,8272000
8320,9696970
8448,10731480
8576,11555040
8704,12401880
8832,13188550
8960,14125080
9088,14831090
9216,15349100
9344,15434440
9472,15429450
9600,15378270
9728,15379500
9856,15418750
9984,15382300
10112,15359100
10240,15485600
10368,15452020
10496,15425960
10624,15408750
10752,15481200
10880,15404650
11008,15370220
11136,15369430
11264,15382590
11392,15434560
11520,15416560
11648,15398680
11776,15453630
11904,15456540
12032,15452600
12160,15369790
12288,15481980
12416,15478820
12544,16461730
12672,15417910
12800,15419230
12928,15376290
13056,15407420
13184,15359630
13312,15407100
13440,15435340
13568,15497650
13696,15467580
13824,15471070
13952,15399180
14080,15489670
14208,15399720
14336,15378430
14464,15442240
14592,15401470
14720,15388670
14848,15463720
14976,15444100
15104,15370910
15232,15482770
15360,15420920
15488,15417950
15616,15493460
15744,15496010
15872,15411200
16000,15429100
16128,15409900
16256,15374530
16384,15409410
16512,15381480
16640,15401110
16768,15467030
16896,15472200
17024,15495510
17152,15470160
17280,15442920
17408,15467080
17536,15469430
17664,15456730
17792,15430900
17920,15464250
18048,15421570
18176,15444520
18304,15411880
18432,15412460
18560,15537830
18688,15550020
18816,15447800
18944,15521380
19072,15549950
19200,15419440
19328,15531590
19456,15481970
19584,15430910
19712,15493070
19840,15440980
19968,15474480
20096,15436100
20224,15435610
20352,15518430
20480,15434020
20608,15544440
20736,15471920
20864,15462400
20992,15445350
21120,15462100
21248,15437190
21376,15424940
21504,15463020
21632,15486500
21760,15440560
21888,15474880
22016,15566200
22144,15456100
22272,15494470
22400,17770640
22528,15460380
22656,15462880
22784,15520960
22912,15431510
23040,15475070
23168,15547820
23296,15470530
23424,15509630
23552,15502710
23680,15552880
23808,15478500
23936,15511620
24064,15587240
24192,15483120
24320,15538920
24448,15502880
24576,15482920
24704,15485490
24832,15423550
24960,15539660
25088,15519960
25216,15646090
25344,15537250
25472,15764330
25600,16596110
25728,16864970
25856,16073900
25984,15481430
26112,15484310
26240,15550480
26368,15561730
26496,15514130
26624,15471650
26752,15480680
26880,15537470
27008,15525900
27136,15452310
27264,15468370
27392,15491580
27520,15482820
27648,15449160
27776,15467790
27904,15473030
28032,15465160
28160,15496220
28288,15455110
28416,15628430
28544,15482840
28672,15509540
28800,15477180
28928,15563010
29056,15464050
29184,15499780
29312,15468930
29440,15457740
29568,15492690
29696,15556860
29824,15515470
29952,15469290
30080,15519010
30208,15521650
30336,15497780
30464,15465270
30592,15475920
30720,15466860
30848,15539580
30976,15581190
31104,15511660
31232,15459500
31360,15489570
31488,15434810
31616,15459930
31744,15557920
31872,15547590
32000,16434080
32128,17607180
32256,15808650
32384,15476410
32512,15461090
32640,15475870
32768,15678220
32896,15489030
33024,15434180
33152,15521180
33280,15495530
33408,15526380
33536,15531410
33664,15450520
33792,15446540
33920,15482010
34048,15444250
34176,15461410
34304,15498650
34432,15493530
34560,15501510
34688,15489550
34816,15508830
34944,15504510
35072,15512700
35200,15536760
35328,15476260
35456,15521580
35584,15485160
35712,15475970
35840,15465760
35968,15546170
36096,15476190
36224,15507080
36352,15459800
36480,15470920
36608,15507460
36736,15515650
36864,15482430
36992,15571350
37120,15507190
37248,15483050
37376,15479730
37504,15523440
37632,15490970
37760,15477620
37888,15496040
38016,15460540
38144,15476430
38272,15472140
38400,15526390
38528,15466660
38656,15497580
38784,15493920
38912,15514550
39040,15465220
39168,15586950
39296,15491370
39424,15470290
39552,15468750
39680,15493180
39808,15467040
39936,15566440
40064,15481840
40192,15505120
40320,15553410
40448,15525820
40576,15525780
40704,15525290
40832,15535550
40960,15525070
41088,15483110
41216,15894710
41344,16270580
41472,16427400
41600,15715310
41728,15571720
41856,15492910
41984,15542960
42112,15487180
42240,15508480
42368,15621480
42496,15521930
42624,15538490
42752,15509940
42880,15519270
43008,15519470
43136,15468320
43264,15590740
43392,15544270
43520,15524630
43648,15563770
43776,15500430
43904,15514790
44032,15536580
44160,15467670
44288,15566760
44416,15648300
44544,15550220
44672,15523640
44800,15794690
44928,15525770
45056,15553840
45184,15557680
45312,15459230
45440,15514110
45568,15657730
45696,15544090
45824,15532810
45952,15521750
46080,15567470
46208,15503960
46336,15499750
46464,15576110
46592,15591410
46720,15518940
46848,15698470
46976,15545370
47104,15509600
47232,17411210
47360,18255300
47488,19274570
47616,20163410
47744,21157550
47872,22452790
48000,23084270
48128,24556240
48256,25981030
48384,27697810
48512,25904670
48640,26148740
48768,28651070
48896,24211700
49024,23896530
49152,23854530
49280,23736830
49408,23698780
49536,23674860
49664,23995800
49792,24892140
49920,23655220
50048,23568120
50176,23501380
50304,23719940
50432,23656210
50560,23539680
50688,23565830
50816,23641480
50944,23666620
51072,23524190
51200,24608670
51328,24299780
51456,23509290
51584,23503710
51712,23456760
51840,23382210
51968,23423190
52096,24056400
52224,24304100
52352,24387570
52480,24293640
52608,24274230
52736,24198740
52864,24283200
52992,24137710
53120,24403790
53248,24135000
53376,24274660
53504,24153080
53632,24140290
53760,24881910
53888,25583330
54016,27874740
54144,23247450
54272,24066530
54400,24146370
54528,23957280
54656,24026210
54784,23835180
54912,23797660
55040,23805920
55168,23844830
55296,23844850
55424,23803340
55552,23774760
55680,23993460
55808,23703760
55936,24806950
56064,23874470
56192,23766450
56320,23646670
56448,24047170
56576,23657760
56704,23141270
56832,22758280
56960,22722370
57088,22692400
57216,22683720
57344,22988190
57472,22540350
57600,22479300
57728,22519040
57856,22564740
57984,22440320
58112,22470200
58240,22522820
58368,22404110
58496,22611890
58624,22606010
58752,22512300
58880,22517610
59008,22453780
59136,22475140
59264,22948570
59392,22426570
59520,22506650
59648,22498190
59776,22380300
59904,22410200
60032,22383900
60160,22343130
60288,22318060
60416,22289270
60544,22266950
60672,22410470
60800,22273650
60928,22224020
61056,22198560
61184,22417720
61312,22190020
61440,22314800
61568,22138740
61696,22169790
61824,22274910
61952,22199630
62080,22124080
62208,22092230
62336,22069450
62464,22908920
62592,22087750
62720,22033630
62848,22024930
62976,22142260
63104,22124040
63232,22003360
63360,21930870
63488,21926780
63616,22099090
63744,21962470
63872,22052930
64000,21931590
64128,22046250
64256,21884440
64384,21945660
64512,21915670
64640,21948270
64768,21915000
64896,21859100
65024,21841400
65152,21938370
65280,22023820
65408,21825850
65536,21818450
65664,21714360
65792,21786700
65920,21653040
66048,21630380
66176,21604510
66304,21626120
66432,21786410
66560,21616010
66688,21978840
66816,21663700
66944,21664770
67072,21721530
67200,21624360
67328,21643160
67456,21755420
67584,21877300
67712,21598140
67840,21625990
67968,21559600
68096,21609430
68224,21587680
68352,21534210
68480,21772840
68608,21706230
68736,21586060
68864,21566670
68992,21643530
69120,22313730
69248,22023510
69376,21596870
69504,21493810
69632,21550910
69760,21850930
69888,21541070
70016,21493620
70144,21576410
70272,21451360
70400,21574480
70528,21378440
70656,21370840
70784,21336320
70912,21533530
71040,21386010
71168,21329370
71296,21233150
71424,21316610
71552,21373710
71680,21270680
71808,22392370
71936,22853200
72064,24264000
72192,24293470
72320,24881100
72448,25620440
72576,26344530
72704,26839690
72832,26788450
72960,26972470
73088,26856590
73216,26772550
73344,26722530
73472,26724200
73600,26671440
73728,26793300
73856,26554690
73984,26802780
74112,26608660
74240,26562530
74368,26572890
74496,26531210
74624,26608460
74752,26491970
74880,26599550
75008,26758420
75136,26846770
75264,30709280
75392,31879550
75520,26460630
75648,26677800
75776,26527100
75904,26642620
76032,26348360
76160,26397450
76288,26328820
76416,26392340
76544,26283320
76672,26295770
76800,26262350
76928,26456570
77056,26219830
77184,26355050
77312,26154500
77440,26210590
77568,26211430
77696,26250950
77824,26105210
77952,26093180
78080,26071890
78208,26129980
78336,26187620
78464,25961470
78592,25904750
78720,26075700
78848,26113190
78976,25866180
79104,26137130
79232,25899820
79360,25977370
79488,25974050
79616,25994880
79744,25927300
79872,25880950
80000,25930950
80128,25902750
80256,25774350
80384,25860100
80512,25764930
80640,25826870
80768,25726430
80896,26822220
81024,25754580
81152,25707150
81280,25673320
81408,25740220
81536,25716340
81664,25579950
81792,25611410
81920,25725780
82048,25779670
82176,25801520
82304,25970400
82432,25903490
82560,26210470
82688,26196660
82816,26175990
82944,26405300
83072,26345050
83200,26385110
83328,26490530
83456,26462890
83584,26329620
83712,26473070
83840,26318040
83968,26337520
84096,26273600
84224,26290620
84352,26397830
84480,26352750
84608,26322470
84736,26285940
84864,26228350
84992,26273700
85120,26249350
85248,26254200
85376,26246530
85504,26256430
85632,26053190
85760,26264880
85888,28587030
86016,26124230
86144,26057560
86272,26412640
86400,26802540
86528,26431020
86656,26210460
86784,26024030
86912,26119000
87040,26104610
87168,25944460
87296,26121810
87424,26017840
87552,26078590
87680,26012860
87808,25993750
87936,25827900
88064,25958520
88192,26040120
88320,26190300
88448,28921530
88576,31419070
88704,29776070
88832,26726070
88960,25864500
89088,25890950
89216,25858400
89344,26008440
89472,25769800
89600,25747020
89728,25627830
89856,25804410
89984,25622120
90112,25781620
90240,25699520
90368,25585540
90496,25713740
90624,25663190
90752,25614940
90880,25462250
91008,25498860
91136,25936460
91264,25650310
91392,25513050
91520,25811560
91648,25518460
91776,25983300
91904,25721080
92032,27707020
92160,25669740
92288,25413340
92416,25509140
92544,25469760
92672,25471230
92800,25300950
92928,25513440
93056,25576610
93184,25712590
93312,25271070
93440,25585470
93568,25214760
93696,25656430
93824,27103620
93952,35821000
94080,27713570
94208,25221720
94336,25643020
94464,25325450
94592,25273240
94720,25145110
94848,25109960
94976,25564690
95104,30022640
95232,27643210
95360,25182010
95488,25504050
95616,25064370
95744,25170730
95872,25240450
96000,25219300
96128,25001950
96256,25279260
96384,25808430
96512,26170200
96640,26737040
96768,27372660
96896,27892460
97024,28504940
97152,28663000
97280,29189900
97408,29304490
97536,30769840
97664,29401090
97792,29333200
97920,29126850
98048,29240750
98176,29156160
98304,28956840
98432,29041790
98560,29020600
98688,28998570
98816,28928380
98944,28884280
99072,28693410
99200,28755320
99328,28869720
99456,28893230
99584,28993650
99712,29084920
99840,28676890
99968,28775020
100096,28981570
100224,28664770
100352,28976270
100480,28803640
100608,28810690
100736,28701190
100864,28569120
100992,28672520
101120,28639660
101248,28775090
101376,24851990
101504,28616430
101632,28622720
101760,28705940
101888,28486870
102016,28786750
102144,28775490
102272,28500230
102400,28670860
102528,28549300
102656,29840370
102784,28646500
102912,28511730
103040,28707960
103168,28517780
103296,29944940
103424,28406800
103552,28454850
103680,28221420
103808,28357880
103936,28396160
104064,28692390
104192,28297400
104320,28316950
104448,28277340
104576,28156460
104704,28262570
104832,28485230
104960,28229170
105088,28178460
105216,28197260
105344,28049960
105472,28401420
105600,28308820
105728,28292270
105856,28332520
105984,28177580
106112,28475680
106240,28083940
106368,28091470
106496,28453150
106624,28029350
106752,28157280
106880,28036940
107008,28001190
107136,27923110
107264,27987750
107392,28016550
107520,28172980
107648,27850220
107776,30053300
107904,28125790
108032,27807120
108160,28082190
108288,28053020
108416,28213580
108544,28096850
108672,28187420
108800,27907700
108928,27673030
109056,28179500
109184,27858100
109312,27919900
109440,27777900
109568,27654690
109696,27744220
109824,28071480
109952,27996670
110080,27696430
110208,27772230
110336,27863410
110464,27724250
110592,27726180
110720,27680990
110848,27651720
110976,27888710
111104,34647840
111232,40320970
111360,27571180
111488,27929830
111616,27923030
111744,27686480
111872,28418000
112000,28175200
112128,27444280
112256,27536560
112384,27373620
112512,27595120
112640,27863730
112768,27811890
112896,29431940
113024,27432330
113152,27424570
113280,27260430
113408,27924890
113536,27238020
113664,27645130
113792,27418240
113920,27198010
114048,27670430
114176,27253030
114304,27298590
114432,27459550
114560,28208850
114688,27662280
114816,27042550
114944,27245050
115072,27235490
115200,27252500
115328,27343070
115456,27290420
115584,27276630
115712,26987350
115840,28408220
115968,27034690
116096,27248620
116224,27143230
116352,27427910
116480,27249880
116608,26992710
116736,27062670
116864,27250410
116992,27130700
117120,27154020
117248,27469190
117376,27076450
117504,26882630
117632,30972580
117760,32190480
117888,27411380
118016,26950630
118144,28217820
118272,27040310
118400,34120900
118528,27552790
118656,27320410
118784,27048870
118912,27060150
119040,27158920
119168,27070110
119296,26747160
119424,26900810
119552,27295520
119680,27023150
119808,26978600
119936,27001110
120064,26835530
120192,45586800
120320,33932040
120448,40258810
120576,42269260
120704,39870120
120832,38810370
120960,27657640
121088,26971490
121216,26950870
121344,26781950
121472,26905140
121600,26701500
121728,27354570
121856,26806770
121984,26769470
122112,26976970
122240,26649040
122368,26989680
122496,27002560
122624,26882540
122752,26484160
122880,26767440
123008,26842680
123136,26829740
123264,26893310
123392,26375390
123520,26501610
123648,26235250
123776,26655910
123904,26481250
124032,26749170
124160,26442940
124288,27140600
124416,27916400
124544,26362680
124672,32753090
124800,26947880
124928,26758800
125056,26843400
125184,26682750
125312,26482170
125440,26617750
125568,26722700
125696,26955810
125824,27197200
125952,26634010
126080,26841780
126208,30887540
126336,30883830
126464,35134680
126592,45862090
126720,37525090
126848,27944090
126976,26914310
127104,27419170
127232,27041000
127360,27470700
127488,28174850
127616,27140770
127744,27463480
127872,27548990
128000,31800690
128128,33559960
128256,32150400
128384,26726600
128512,26590330
128640,26053130
128768,26491000
128896,26048890
129024,26328470
129152,26516870
129280,26320320
129408,26788720
129536,26248540
129664,27481330
129792,26783000
129920,27594390
130048,27429550
130176,26950680
130304,27225460
130432,26857440
130560,36853790
130688,26868680
130816,26874490
130944,27512980
131072,27284630
131200,27979420
131328,29424650
131456,27285730
131584,27991640
131712,28249420
131840,28202500
131968,42480990
132096,30639150
132224,32414310
132352,49138950
132480,42940300
132608,29407720
132736,29265880
132864,28888890
132992,28992050
133120,29141040
133248,28925890
133376,29094310
133504,29256820
133632,28879030
133760,28970700
133888,29220580
134016,28983970
134144,28939600
134272,29512940
134400,29620570
134528,28983050
134656,28798060
134784,28673150
134912,29066740
135040,28907760
135168,22547630
135296,22787920
135424,22413970
135552,22676230
135680,22652210
135808,22827150
135936,22457030
136064,22631150
136192,23241080
136320,23218390
136448,22918420
136576,22880970
136704,22791120
136832,22622220
136960,22618920
137088,22792530
137216,22744670
137344,23048640
137472,22668790
137600,25181600
137728,22726290
137856,24172840
137984,28479870
138112,29218960
138240,23978240
138368,23784250
138496,23503990
138624,23318350
138752,24140780
138880,23433610
139008,23579830
139136,23424240
139264,23744070
139392,22409790
139520,23298190
139648,23533550
139776,23630650
139904,23570020
140032,23388010
140160,23265270
140288,23823670
140416,20937950
140544,23840730
140672,23256560
140800,31709900
140928,23126050
141056,23556720
141184,23422370
141312,23569450
141440,23380030
141568,23152470
141696,23207150
141824,23938160
141952,23725360
142080,23364450
142208,23129210
142336,23904940
142464,23718590
142592,23353910
142720,23906740
142848,23713480
142976,23741170
143104,23782960
143232,26104790
143360,23640510
143488,26058000
143616,36173570
143744,46277560
143872,47686510
144000,39121510
144128,23002910
144256,22922530
144384,22854150
144512,22788590
144640,23139810
144768,21112800
144896,23152040
145024,22672750
145152,24445150
145280,24967050
145408,22989680
145536,24040630
145664,25645700
145792,32223830
145920,29055750
146048,24097550
146176,24725350
146304,23855430
146432,25993680
146560,30272650
146688,25330540
146816,23771070
146944,25288730
147072,26041610
147200,27041990
147328,25684440
147456,23522170
147584,23754430
147712,23834280
147840,23328430
147968,23111790
148096,23265180
148224,23266270
148352,23223910
148480,23236140
148608,23434280
148736,23631930
148864,23847110
148992,23331120
149120,23607290
149248,23305930
149376,25228310
149504,25429260
149632,25488010
149760,24884260
149888,26273740
150016,24944090
150144,28809750
150272,24505060
150400,23451080
150528,23577570
150656,25988520
150784,26231750
150912,25885740
151040,26255050
151168,26088230
151296,25994760
151424,26653950
151552,27077150
151680,29605240
151808,29870840
151936,30192790
152064,29991370
152192,30501360
152320,29917110
152448,34424370
152576,30934210
152704,32149440
152832,30511380
152960,59928480
153088,59096530
153216,60361980
153344,58963440
153472,49836200
153600,47045070
153728,32177410
153856,31112210
153984,31198190
154112,31080810
154240,31409680
154368,31587390
154496,31032250
154624,31278780
154752,31136960
154880,31091530
155008,33647180
155136,32163360
155264,33357350
155392,32051900
155520,33249070
155648,32250360
155776,31168260
155904,31084830
156032,30861250
156160,30917740
156288,31325020
156416,31304010
156544,31246610
156672,31137390
156800,32718560
156928,31915620
157056,32900950
157184,31908460
157312,32806060
157440,31472160
157568,31969850
157696,31298960
157824,33511110
157952,31855780
158080,32015430
158208,32923110
158336,30847030
158464,32945060
158592,31980770
158720,44000320
158848,45232010
158976,44613050
159104,47857730
159232,37260460
159360,29664480
159488,30949700
159616,30652190
159744,31096020
159872,30840590
160000,37174320
160128,31190020
160256,31156980
160384,30650430
160512,30926800
160640,32531210
160768,49979300
160896,74331710
161024,65117120
161152,63038530
161280,48607030
161408,32092000
161536,31139280
161664,30121620
161792,30821860
161920,31239780
162048,31682630
162176,29883000
162304,31414240
162432,31191140
162560,31242070
162688,30943950
162816,32965740
162944,33323730
163072,46999740
163200,65053580
163328,65160290
163456,61221620
163584,47060100
163712,46108150
163840,34439580
163968,35879490
164096,34727070
164224,35545870
164352,56352560
164480,51276840
164608,48256870
164736,46393530
164864,36138740
164992,36420990
165120,35178470
165248,35200200
165376,34382660
165504,34388560
165632,34285290
165760,52387710
165888,50247480
166016,139119400
166144,139121470
166272,109888820
166400,50560760
166528,63911220
166656,33218050
166784,33515140
166912,33877790
167040,33223840
167168,33765190
167296,33420700
167424,33889940
167552,35740440
167680,40138600
167808,43499370
167936,40720660
168064,41806950
168192,37524730
168320,36710630
168448,39576070
168576,38161110
168704,36832360
168832,39482960
168960,39404180
169088,36324520
169216,40007830
169344,42924220
169472,39910120
169600,39235060
169728,36176790
169856,38268430
169984,38562500
170112,38157950
170240,38284570
170368,39888290
170496,40077360
170624,48588560
170752,40432890
170880,38283100
171008,38307950
171136,40696880
171264,40732900
171392,41805450
171520,54106690
171648,42258440
171776,36643170
171904,38025900
172032,39665090
172160,50974230
172288,51276030
172416,65048310
172544,157977420
172672,53182600
172800,47934080
172928,69034530
173056,54058890
173184,81955110
173312,39530590
173440,37287370
173568,36968760
173696,37744330
173824,37410830
173952,37288180
174080,37572170
174208,37113020
174336,37464810
174464,64701870
174592,55287250
174720,36662740
174848,70126350
174976,63971140
175104,47392250
175232,50271550
175360,37247510
175488,38882540
175616,44966290
175744,42524130
175872,38989970
176000,41099370
176128,61323680
176256,48203700
176384,37913000
176512,49318630
176640,43700800
176768,42325880
176896,42931280
177024,44667880
177152,39853020
177280,37898650
177408,38295180
177536,37187960
177664,36060910
177792,37600000
177920,36929420
178048,36900860
178176,37708320
178304,36971040
178432,38244520
178560,37601510
178688,38025510
178816,37430350
178944,37219980
179072,37747370
179200,37469840
179328,39119140
179456,41765930
179584,40382740
179712,64803650
179840,59536040
179968,69680650
180096,47476030
180224,38877590
180352,38639590
180480,41170210
180608,41561180
180736,37183150
180864,37344500
180992,36998910
181120,37158270
181248,39424080
181376,37070770
181504,37238250
181632,36498010
181760,37110190
181888,48845030
182016,43343800
182144,41265370
182272,41660800
182400,36211760
182528,43348060
182656,58292310
182784,37538270
182912,37298590
183040,47763520
183168,36741000
183296,36451400
183424,36553280
183552,36530180
183680,36841400
183808,36734930
183936,36759690
184064,36507740
184192,36664350
184320,69549230
184448,102962800
184576,65582390
184704,71131660
184832,128656510
184960,166010010
185088,166905040
185216,180586370
185344,200796850
185472,153341460
185600,96274040
185728,65021760
185856,164278560
185984,73871380
186112,70595550
186240,82312590
186368,151587050
186496,96558060
186624,132209690
186752,139884670
186880,67695470
187008,92832730
187136,90919330
187264,163794050
187392,115943330
187520,64640940
187648,125310050
187776,78092580
187904,52216220
188032,51451830
188160,61632760
188288,53212640
188416,52152470
188544,61560550
188672,53084740
188800,51633970
188928,57102170
189056,59858470
189184,52445090
189312,53318890
189440,63176780
189568,56402620
189696,59787730
189824,73230530
189952,119533810
190080,120252200
190208,94737630
190336,155649740
190464,103849790
190592,104990940
190720,127072410
190848,97465650
190976,100644050
191104,89083380
191232,115323650
191360,80620420
191488,82727610
191616,76703040
191744,128536050
191872,118830530
192000,86216270
192128,76634310
192256,106034710
192384,64587350
192512,103100950
192640,63663330
192768,72264730
192896,85208970
193024,74627420
193152,60637200
193280,48744710
193408,48950310
193536,48625290
193664,56377580
193792,56775220
193920,50356860
194048,50631540
194176,74202890
194304,52138390
194432,49933010
194560,52268770
194688,50499740
194816,50552040
194944,49288240
195072,49857940
195200,50813160
195328,50290710
195456,51151080
195584,51470210
195712,68795680
195840,55818050
195968,63245700
196096,66015160
196224,56653960
196352,57626280
196480,57082630
196608,56630230
196736,57064100
196864,56430150
196992,55640930
197120,56777120
197248,56852020
197376,55182380
197504,56157540
197632,74723430
197760,87196340
197888,78580720
198016,82173970
198144,82872320
198272,82080410
198400,74999520
198528,70250390
198656,67883990
198784,68096110
198912,79509440
199040,71294240
199168,67964160
199296,65498450
199424,65430130
199552,75142660
199680,73349780
199808,66695910
199936,62878690
200064,59716820
200192,62127050
200320,57924690
200448,57691750
200576,57519340
200704,58673460
200832,58372440
200960,58276340
201088,57165620
201216,59832170
201344,64763200
201472,75452630
201600,61174340
201728,63875130
201856,60894800
201984,60929530
202112,58428560
202240,59155190
202368,60978670
202496,59775650
202624,57817510
202752,58343930
202880,57446290
203008,56203740
203136,59839390
203264,58496530
203392,57781410
203520,57782170
203648,60298710
203776,60883870
203904,58334820
204032,54176650
204160,59749810
204288,59731190
204416,57026510
204544,68090650
204672,64113750
204800,59353240
204928,58120960
205056,60751970
205184,79600300
205312,52393860
205440,51284800
205568,51540240
205696,51626680
205824,51935100
205952,50948410
206080,51218060
206208,52011920
206336,57073230
206464,53112240
206592,69415740
206720,59806160
206848,57214600
206976,56640730
207104,65681490
207232,58979060
207360,56891230
207488,53253160
207616,53128360
207744,54855920
207872,52903470
208000,52451540
208128,52434870
208256,52657630
208384,57619180
208512,56420150
208640,56535750
208768,56787590
208896,57623570
209024,56531530
209152,60195140
209280,56733700
209408,60810000
209536,74828540
209664,67863420
209792,58057250
209920,55101880
210048,52520210
210176,55202000
210304,57016300
210432,60683740
210560,57205080
210688,79125260
210816,52933350
210944,52479800
211072,52041200
211200,52565320
211328,53139920
211456,52856930
211584,62627690
211712,83123380
211840,54219380
211968,54819020
212096,54297820
212224,53871500
212352,54262100
212480,55499240
212608,54164690
212736,54336470
212864,53963540
212992,54216370
213120,54227220
213248,55061980
213376,55372550
213504,55040500
213632,55143180
213760,54968920
213888,55291350
214016,54801210
214144,55320940
214272,54921430
214400,54908590
214528,55563750
214656,55667270
214784,55682820
214912,55909490
215040,55485360
215168,56986070
215296,66973030
215424,72250550
215552,77866270
215680,81715950
215808,61790390
215936,69279030
216064,57972980
216192,54290500
216320,55326780
216448,55062040
216576,55898850
216704,55284250
216832,55684240
216960,64063790
217088,68367740
217216,96156030
217344,70948890
217472,56604760
217600,72642460
217728,55008710
217856,55541100
217984,56348560
218112,56288090
218240,58906380
218368,65598140
218496,56007350
218624,56011010
218752,57080020
218880,54359750
219008,55360410
219136,54583590
219264,54232570
219392,56073580
219520,56439540
219648,81723790
219776,85939730
219904,67145380
220032,53916080
220160,79675590
220288,55527830
220416,54924570
220544,71166900
220672,56121200
220800,57109010
220928,62615040
221056,63853160
221184,60840450
221312,64677060
221440,64804630
221568,62230760
221696,62677350
221824,62479230
221952,70483940
222080,80306930
222208,76762920
222336,83201570
222464,54184350
222592,55193170
222720,57986670
222848,81650920
222976,121195130
223104,155609990
223232,101802020
223360,103739560
223488,89675340
223616,79253710
223744,98486820
223872,83311900
224000,106240310
224128,110959630
224256,93148510
224384,56247400
224512,53690990
224640,66808230
224768,53590830
224896,54334410
225024,54661540
225152,54748750
225280,55286190
225408,72587810
225536,72608070
225664,68734100
225792,69016940
225920,135031710
226048,134437140
226176,72473070
226304,113756770
226432,98280200
226560,111032790
226688,102495150
226816,124807800
226944,91551620
227072,72595190
227200,71622660
227328,64183580
227456,58127300
227584,71622550
227712,81214540
227840,66849070
227968,71337270
228096,62499910
228224,61701880
228352,82171780
228480,60420990
228608,62324050
228736,70493720
228864,61813070
228992,64529940
229120,69131030
229248,79615190
229376,189577250
229504,99175600
229632,81495830
229760,85675320
229888,93635550
230016,105435760
230144,168028930
230272,146397560
230400,206747550
230528,97566960
230656,120559070
230784,96293180
230912,86681630
231040,80000990
231168,64351790
231296,66701060
231424,65558120
231552,67990830
231680,71621670
231808,79706740
231936,62691680
232064,62592210
232192,67621290
232320,62467370
232448,63882100
232576,63433450
232704,60280150
232832,60322060
232960,56071870
233088,60128890
233216,60342510
233344,69026180
233472,90644330
233600,232590830
233728,100429230
233856,92657220
233984,116740290
234112,106835660
234240,81938600
234368,120883180
234496,60557360
234624,89179570
234752,93521650
234880,91524930
235008,135723400
235136,125552300
235264,175930540
235392,114041150
235520,93721990
235648,93217570
235776,77814770
235904,51111180
236032,65746080
236160,58992480
236288,56262080
236416,80821510
236544,58007200
236672,60925080
236800,68205920
236928,61063370
237056,70203280
237184,96013160
237312,62302570
237440,77103470
237568,65396110
237696,74185910
237824,76788370
237952,68790460
238080,62564360
238208,88070530
238336,62870750
238464,66802490
238592,70168110
238720,113775320
238848,79371240
238976,73373510
239104,87605100
239232,82753210
239360,65783230
239488,58149210
239616,56616090
239744,58216380
239872,72085670
240000,61624900
240128,56583280
240256,56258980
240384,105658510
240512,56147170
240640,49439970
240768,67056860
240896,52964740
241024,51541420
241152,54649270
241280,51828280
241408,52054120
241536,54964840
241664,52617670
241792,68217990
241920,71971280
242048,82930160
242176,54954710
242304,54782230
242432,54688500
242560,56270510
242688,55119880
242816,56149370
242944,55821360
243072,55143680
243200,54834180
243328,54451920
243456,87637630
243584,55053070
243712,55219400
243840,56131010
243968,55890420
244096,56134600
244224,56099080
244352,55570780
244480,56131390
244608,56380130
244736,58908280
244864,96309360
244992,90092890
245120,91523820
245248,64504190
245376,64328790
245504,62516390
245632,65557070
245760,62931530
245888,63926590
246016,64006700
246144,65002360
246272,65623110
246400,63398080
246528,67450050
246656,64939190
246784,64493860
246912,57698470
247040,58354800
247168,57619870
247296,56465150
247424,56725570
247552,57804220
247680,57649030
247808,57807240
247936,60768560
248064,60975460
248192,59297410
248320,61126180
248448,58612080
248576,58785830
248704,62289610
248832,57576690
248960,56605840
249088,57578410
249216,91183080
249344,59381870
249472,64702810
249600,84276060
249728,59517350
249856,91329090
249984,77413740
250112,56240660
250240,72610530
250368,59037550
250496,59187620
250624,80731390
250752,80243580
250880,119102090
251008,94526400
251136,101760450
251264,89801380
251392,90745320
251520,118954700
251648,106300330
251776,117867080
251904,147898790
252032,152899960
252160,165885220
252288,88679520
252416,113631220
252544,116003180
252672,202341360
252800,103767190
252928,108162090
253056,75794570
253184,88258960
253312,68074510
253440,60372680
253568,61142520
253696,70272110
253824,80044950
253952,95238350
254080,63384350
254208,58483610
254336,58047240
254464,65882380
254592,59662480
254720,60632130
254848,86992290
254976,96752770
255104,92488430
255232,87447300
255360,90247780
255488,92759970
255616,97237860
255744,90659640
255872,100310440
256000,78686530
256128,81327410
256256,94394570
256384,79367440
256512,72747010
256640,73433540
256768,76218550
256896,82309550
257024,74408890
257152,88887630
257280,95423410
257408,80637140
257536,85863170
257664,83214300
257792,82392340
257920,93134780
258048,110105050
258176,87610980
258304,76747400
258432,74720010
258560,90620540
258688,84885860
258816,87047220
258944,76944290
259072,94843310
259200,95091970
259328,78595760
259456,86786650
259584,76236850
259712,77110810
259840,100740150
259968,74622420
260096,79887640
260224,98712470
260352,107241210
260480,90438740
260608,89906230
260736,102374550
260864,86038890
260992,87830060
261120,82453010
261248,88865200
261376,82647880
261504,95652870
261632,82097230
261760,85789430
261888,89442020
262016,85426350
262144,81013820
262272,80708100
262400,86715930
262528,93653700
262656,110994180
262784,116812940
262912,102559540
263040,95060170
263168,98670300
263296,92643370
263424,88876430
263552,84036480
263680,96489030
263808,86890490
263936,92623290
264064,84587980
264192,92431900
264320,98911420
264448,95582500
264576,82035890
264704,91438290
264832,87713900
264960,98034570
265088,85190620
265216,95314480
265344,85013850
265472,94629680
265600,98980080
265728,87093800
265856,80147920
265984,83489100
266112,79131010
266240,82539100
266368,79411270
266496,81272560
266624,82133110
266752,81160830
266880,99365320
267008,85030430
267136,81735220
267264,81109330
267392,79034400
267520,81092610
267648,87050700
267776,80532620
267904,78024560
268032,79644370
268160,81223450
268288,87995290
268416,85467530
268544,83550750
268672,88595630
268800,108929460
268928,112735340
269056,87915920
269184,90060210
269312,89000960
269440,96483810
269568,84806060
269696,73197260
269824,77826810
269952,74850790
270080,72446180
270208,72991990
270336,72757950
270464,73064420
270592,78217490
270720,73187740
270848,73100690
270976,73173340
271104,73593450
271232,84016170
271360,80261210
271488,73877620
271616,71519320
271744,76079640
271872,76009540
272000,74973940
272128,74648830
272256,72050470
272384,73882920
272512,80499540
272640,82156360
272768,85859660
272896,88776330
273024,83633710
273152,97317030
273280,105762270
273408,97570320
273536,96642000
273664,145297780
273792,75697740
273920,84145680
274048,86706270
274176,93429660
274304,102866020
274432,90937680
274560,83435490
274688,94829730
274816,91158120
274944,85568790
275072,98920730
275200,77504180
275328,73975540
275456,81095680
275584,79913330
275712,82796030
275840,77957760
275968,79196320
276096,77598040
276224,78404550
276352,89867430
276480,79871660
276608,87406740
276736,92989460
276864,105577440
276992,94510870
277120,80866150
277248,96715460
277376,180767150
277504,94819770
277632,79605040
277760,78589390
277888,75951990
278016,79714690
278144,83602330
278272,95766710
278400,83020940
278528,75878360
278656,77808900
278784,76298850
278912,80972000
279040,76964800
279168,76499900
279296,78437930
279424,77195280
279552,77424010
279680,77025020
279808,79394230
279936,75915600
280064,77653330
280192,80159870
280320,80649820
280448,76385200
280576,74050670
280704,81621640
280832,126406620
280960,88162130
281088,114180670
281216,136406100
281344,95191530
281472,88101850
281600,102361810
281728,93849320
281856,82374940
281984,79547550
282112,103259490
282240,95165190
282368,75906990
282496,73698690
282624,74640450
282752,81602370
282880,75492610
283008,76546780
283136,74126600
283264,78630940
283392,78553800
283520,74661520
283648,77005440
283776,97349250
283904,78656940
284032,96225310
284160,101851010
284288,97050510
284416,83744680
284544,98582030
284672,89919800
284800,114982720
284928,101784400
285056,89995580
285184,96322320
285312,120520790
285440,110573250
285568,134834760
285696,85905220
285824,83625920
285952,81816400
286080,118470290
286208,81991120
286336,84604730
286464,84999850
286592,83712920
286720,128463900
286848,104524870
286976,117011400
287104,108256610
287232,116680050
287360,118024450
287488,79647260
287616,85308910
287744,77822330
287872,79005830
288000,82558750
288128,76773540
288256,96186160
288384,149595930
288512,130653190
288640,96329420
288768,84563080
288896,85621660
289024,85362560
289152,89311440
289280,86397120
289408,85272570
289536,78089660
289664,78107790
289792,81706120
289920,77139100
290048,79283970
290176,78389460
290304,84323190
290432,76664890
290560,77978100
290688,78908130
290816,77835470
290944,80305830
291072,78064660
291200,81833890
291328,78647410
291456,77583260
291584,82698880
291712,79313840
291840,78268670
291968,80933840
292096,81163880
292224,76876890
292352,105964150
292480,127839670
292608,129190730
292736,119875580
292864,82679980
292992,88662820
293120,87871800
293248,84112910
293376,83074740
293504,82825260
293632,76823240
293760,80549920
293888,77237300
294016,80216110
294144,78401070
294272,85953860
294400,78904540
294528,78086170
294656,81366560
294784,77594700
294912,87404520
295040,78221000
295168,107758560
295296,105338650
295424,88048270
295552,83387780
295680,84562390
295808,88079330
295936,92111330
296064,81475110
296192,80086790
296320,79899250
296448,96586400
296576,103418040
296704,89480480
296832,121569000
296960,113331940
297088,100719210
297216,96603490
297344,93975020
297472,95750040
297600,91548000
297728,81046760
297856,82007620
297984,82359970
298112,90578990
298240,88391380
298368,80852330
298496,84952180
298624,83947500
298752,79338180
298880,82534460
299008,82630950
299136,85922690
299264,81852570
299392,86841980
299520,88049370
299648,86402150
299776,98377750
299904,81774540
300032,80273030
300160,79740350
300288,91381500
300416,112068920
300544,114359950
300672,101594200
300800,97932660
300928,99032560
301056,87559500
301184,84613740
301312,97611190
301440,132462460
301568,116140270
301696,83023940
301824,91856880
301952,83402680
302080,81327060
302208,135705710
302336,169056210
302464,149873110
302592,181007440
302720,291082060
302848,242633150
302976,278420420
303104,224019540
303232,146117540
303360,121607660
303488,139629440
303616,149375980
303744,130387610
303872,164966750
304000,82856070
304128,81603340
304256,77675270
304384,78832090
304512,77592600
304640,77932850
304768,94716280
304896,81961560
305024,79163030
305152,78078400
305280,83696620
305408,99737590
305536,88526790
305664,78693600
305792,83839560
305920,81746400
306048,78914640
306176,80214590
306304,80319610
306432,81161940
306560,93842890
306688,89450710
306816,99750080
306944,97213250
307072,85882580
307200,79466360
307328,78157700
307456,78480740
307584,79283300
307712,77505430
307840,79183750
307968,78899710
308096,79031970
308224,78472870
308352,80535190
308480,161202260
308608,108128980
308736,156359690
308864,106949580
308992,98540690
309120,108002350
309248,192457420
309376,139923930
309504,126376540
309632,102836770
309760,174607430
309888,131843020
310016,208666560
310144,234987800
310272,129657920
310400,122814850
310528,82536630
310656,79967350
310784,80638930
310912,76882200
311040,84896610
311168,78167000
311296,103506890
311424,89062520
311552,76523410
311680,78386740
311808,80943260
311936,79249500
312064,81304230
312192,81836860
312320,87167210
312448,91050690
312576,93242250
312704,92912870
312832,86296640
312960,90600820
313088,85701390
313216,86277550
313344,88706790
313472,84360000
313600,89940430
313728,94038110
313856,94130380
313984,94995940
314112,87842370
314240,84607010
314368,75192510
314496,76370880
314624,77900890
314752,77149740
314880,75109800
315008,82166030
315136,77213570
315264,81198120
315392,80920640
315520,90807250
315648,99780890
315776,80560750
315904,76067200
316032,77132450
316160,84244910
316288,77357850
316416,78174840
316544,88499500
316672,80736140
316800,94964450
316928,85322390
317056,83479320
317184,83755960
317312,82396370
317440,81501460
317568,96477420
317696,105208860
317824,94654950
317952,98918160
318080,80397670
318208,80873990
318336,83868480
318464,77886900
318592,82563210
318720,91760780
318848,100511750
318976,89828000
319104,81924360
319232,107423850
319360,86605430
319488,93720120
319616,85671620
319744,89796570
319872,82815630
320000,99027470
320128,81674500
320256,89180020
320384,82117620
320512,93949140
320640,114391310
320768,124690810
320896,85965960
321024,130069130
321152,99397960
321280,93522650
321408,114899210
321536,132020590
321664,153466180
321792,158566770
321920,107109720
322048,94985690
322176,114486100
322304,107494050
322432,104899810
322560,146337110
322688,137956990
322816,139890220
322944,107464070
323072,111370060
323200,115002010
323328,146605260
323456,119905220
323584,124209060
323712,161805130
323840,236717120
323968,126669060
324096,124870030
324224,109626810
324352,137712940
324480,165730800
324608,139533350
324736,119567310
324864,102068200
324992,79184060
325120,89558720
325248,77188330
325376,77260670
325504,84837900
325632,83920530
325760,88539420
325888,83703730
326016,79226630
326144,86060120
326272,142542820
326400,112853170
326528,81814280
326656,81747000
326784,83519910
326912,80644940
327040,80025950
327168,83882230
327296,81420650
327424,77998940
327552,83620000
327680,89665980
327808,90650970
327936,93250650
328064,89291830
328192,98087370
328320,87434860
328448,90344410
328576,92113660
328704,112386870
328832,99982250
328960,89114050
329088,91768400
329216,84736010
329344,106449340
329472,127340880
329600,119919640
329728,146266740
329856,206548920
329984,201237870
330112,157425850
330240,191721310
330368,158416470
330496,157489960
330624,246466130
330752,220659520
330880,162052500
331008,165589150
331136,134603770
331264,130825930
331392,89607030
331520,87544400
331648,88032010
331776,82267690
331904,83170320
332032,80275960
332160,83778340
332288,80527990
332416,93028400
332544,81018680
332672,84155490
332800,84399430
332928,80724150
333056,80628160
333184,81627820
333312,82048980
333440,88163530
333568,83713150
333696,80634920
333824,82423710
333952,93429450
334080,93938080
334208,99753310
334336,96324100
334464,87337900
334592,80044110
334720,100591380
334848,80798420
334976,86416090
335104,79830510
335232,80469050
335360,82391390
335488,81858940
335616,80828360
335744,82498950
335872,79421620
336000,80363710
336128,82166920
336256,80032760
336384,81544560
336512,81543720
336640,81673800
336768,81761260
336896,86385170
337024,80300990
337152,80023820
337280,80827560
337408,79895120
337536,81901540
337664,79960150
337792,80662920
337920,80241350
338048,85432630
338176,93862230
338304,99587590
338432,94775480
338560,89874550
338688,82110470
338816,101735250
338944,112098740
339072,152655080
339200,122661640
339328,89309120
339456,85202420
339584,84099040
339712,90285190
339840,84048860
339968,85358690
340096,96236830
340224,87835760
340352,93001810
340480,84911580
340608,88971020
340736,85256150
340864,95195320
340992,85316610
341120,88624320
341248,85358930
341376,86072190
341504,86726330
341632,86135620
341760,85417580
341888,95016640
342016,94337270
342144,95151840
342272,93089960
342400,85413610
342528,86819220
342656,83472020
342784,87186590
342912,87720870
343040,88322960
343168,87508100
343296,86254630
343424,89174350
343552,83766390
343680,87974340
343808,84647890
343936,84995310
344064,86537420
344192,87004230
344320,87758360
344448,83980600
344576,86916320
344704,90321890
344832,97917390
344960,92846950
345088,94742390
345216,93798340
345344,104719270
345472,91169550
345600,93982770
345728,99118470
345856,102863970
345984,100752020
346112,110777740
346240,94406590
346368,87617790
346496,89464360
346624,84248170
346752,88983190
346880,85680160
347008,84071600
347136,85344890
347264,86104890
347392,87578380
347520,84251270
347648,87179470
347776,88722960
347904,85455250
348032,88332450
348160,87131030
348288,87309960
348416,84772580
348544,86600460
348672,87534280
348800,84361420
348928,89829800
349056,84730760
349184,84117850
349312,84824930
349440,86316770
349568,86762300
349696,90934650
349824,95579030
349952,93816100
350080,94291410
350208,88299090
350336,91893510
350464,96568490
350592,109040620
350720,88429280
350848,89495560
350976,92472730
351104,93594710
351232,93541380
351360,91911200
351488,93162340
351616,89562110
351744,92892520
351872,92073520
352000,91950350
352128,186971440
352256,118034590
352384,169372240
352512,224044670
352640,214841430
352768,198137450
352896,148076770
353024,133984970
353152,124312620
353280,111806570
353408,148740200
353536,183887140
353664,141787430
353792,106751910
353920,134354280
354048,106064500
354176,136464210
354304,160912810
354432,123931480
354560,109138820
354688,126429070
354816,125438720
354944,121939790
355072,185399580
355200,101384520
355328,105681250
355456,108330710
355584,141531740
355712,122391330
355840,86885490
355968,100500850
356096,99558300
356224,88571340
356352,84748090
356480,89589470
356608,85745620
356736,97153330
356864,102648950
356992,105219020
357120,96916300
357248,122222020
357376,90222850
357504,85838660
357632,103091940
357760,144673410
357888,130048080
358016,94425940
358144,86757790
358272,87351470
358400,113014910
358528,104684790
358656,138256180
358784,96814930
358912,125441120
359040,127049610
359168,133809500
359296,142630730
359424,289466890
359552,123947430
359680,100145690
359808,109760120
359936,106864100
360064,113556530
360192,122188770
360320,149071100
360448,158588870
360576,163233270
360704,125221730
360832,120652960
360960,130282290
361088,125695480
361216,114669700
361344,122618820
361472,163901380
361600,155786990
361728,116404790
361856,92156810
361984,89202730
362112,92607060
362240,98834840
362368,94285750
362496,88878770
362624,88376670
362752,85637980
362880,87660220
363008,88447060
363136,85214590
363264,85658120
363392,86405990
363520,90980480
363648,84288890
363776,88932690
363904,87557370
364032,86519190
364160,87754930
364288,89784860
364416,96073020
364544,106394010
364672,92650090
364800,97049690
364928,90311870
365056,104847820
365184,103926400
365312,103510480
365440,105189080
365568,96814100
365696,93516320
365824,97928070
365952,99132660
366080,96584650
366208,90334250
366336,85874250
366464,89282830
366592,97716630
366720,86722750
366848,88913230
366976,91287070
367104,88156500
367232,101247560
367360,86191560
367488,88528360
367616,89362060
367744,86637510
367872,86026550
368000,90499700
368128,88774770
368256,86380200
368384,87954190
368512,91845270
368640,87602790
368768,99310840
368896,99705540
369024,101943810
369152,103172540
369280,84095770
369408,89189100
369536,86563030
369664,86479060
369792,85010460
369920,86519040
370048,88511620
370176,92335280
370304,98585200
370432,97784570
370560,89072330
370688,84898510
370816,89332780
370944,87060350
371072,90445680
371200,84688610
371328,90441430
371456,86766190
371584,85459870
371712,90054830
371840,87432700
371968,88311860
372096,84802700
372224,87637020
372352,86567140
372480,97539920
372608,92133700
372736,97748570
372864,96981270
372992,103264980
373120,88363300
373248,85806280
373376,87907200
373504,89487520
373632,86407700
373760,87121790
373888,88696650
374016,90048460
374144,86252380
374272,88913650
374400,89232560
374528,89734720
374656,102500690
374784,120630110
374912,106729630
375040,94204280
375168,110910260
375296,115318330
375424,138898990
375552,114016420
375680,95974470
375808,109569430
375936,108137450
376064,94011380
376192,105852610
376320,105531600
376448,136769320
376576,107228990
376704,96150110
376832,91882240
376960,100762340
377088,103588210
377216,97265290
377344,92664250
377472,109845820
377600,108500240
377728,119396970
377856,153624240
377984,139140330
378112,102233550
378240,101867520
378368,101998020
378496,101353500
378624,105715550
378752,91190260
378880,121933870
379008,117003420
379136,113666910
379264,101705720
379392,186486560
379520,134015060
379648,111975670
379776,137739460
379904,215769270
380032,191144330
380160,173123950
380288,142999630
380416,112824430
380544,107992430
380672,120963830
380800,105831830
380928,107090460
381056,104357010
381184,94591400
381312,99567480
381440,93854490
381568,97975400
381696,95700130
381824,108175360
381952,98061980
382080,98639550
382208,117746590
382336,101100540
382464,115639520
382592,105127160
382720,110944590
382848,101121740
382976,95483210
383104,90587890
383232,91614350
383360,93929100
383488,93464400
383616,94794800
383744,138792760
383872,143121210
