200,8293840
400,8271600
600,8280920
800,9010220
1000,8293040
1200,8327700
1400,8304730
1600,8341840
1800,8304510
2000,8321210
2200,8290540
2400,8387160
2600,8283540
2800,8319300
3000,8299000
3200,8314890
3400,8293290
3600,8325390
3800,8296230
4000,8381730
4200,8303470
4400,8318430
4600,8286110
4800,8710790
5000,8469900
5200,8490260
5400,8458340
5600,8650760
5800,8480820
6000,8473620
6200,8465620
6400,8664080
6600,8449910
6800,8480510
7000,8486080
7200,8688280
7400,8462660
7600,8474760
7800,8472820
8000,8735760
8200,8585960
8400,10485680
8600,11891860
8800,13169910
9000,14273520
9200,15419630
9400,15438910
9600,15518620
9800,15415830
10000,15454090
10200,15484250
10400,15560420
10600,15427160
10800,15487090
11000,15426550
11200,15549700
11400,15449070
11600,15494590
11800,15415410
12000,15538550
12200,15408700
12400,15474360
12600,15442800
12800,15554600
13000,15432660
13200,15455000
13400,15438650
13600,15544780
13800,15438690
14000,15464350
14200,15434680
14400,15535240
14600,15447160
14800,15470490
15000,15434240
15200,15520760
15400,15506990
15600,15489380
15800,15464880
16000,15758780
16200,15428770
16400,15482570
16600,15453290
16800,15551050
17000,15422940
17200,15481500
17400,16508430
17600,15590090
17800,15453260
18000,15492020
18200,15427570
18400,15550400
18600,15476030
18800,15499310
19000,15546490
19200,15560270
19400,15448000
19600,15510590
19800,15508140
20000,15582010
20200,15479870
20400,15494430
20600,15493260
20800,15557020
21000,15470780
21200,15512230
21400,15474530
21600,15589680
21800,15491420
22000,15512150
22200,15469760
22400,15606760
22600,15485660
22800,15504010
23000,15474000
23200,15583500
23400,15466520
23600,15540440
23800,15481480
24000,15605940
24200,15505420
24400,15526950
24600,15468510
24800,15589460
25000,15472020
25200,15499100
25400,15464680
25600,15593120
25800,15466370
26000,15523870
26200,15467550
26400,15572510
26600,15469960
26800,15533370
27000,15476440
27200,15599890
27400,15475860
27600,15496390
27800,15489230
28000,15596090
28200,15471170
28400,15513190
28600,15480010
28800,15547940
29000,15490490
29200,15536740
29400,15466770
29600,15578860
29800,15511800
30000,15508370
30200,15484710
30400,15601700
30600,15464650
30800,15515870
31000,15475460
31200,15583360
31400,15472370
31600,15514100
31800,15489920
32000,15591670
32200,15477110
32400,15506570
32600,15707930
32800,15597070
33000,15464910
33200,15513310
33400,15664330
33600,15635910
33800,15509700
34000,15546300
34200,15492890
34400,15616680
34600,15477500
34800,15646870
35000,15505300
35200,15838450
35400,15483990
35600,15524350
35800,15634200
36000,15601570
36200,15498090
36400,15516220
36600,15480610
36800,15600170
37000,16120680
37200,15748900
37400,15502380
37600,15581160
37800,15454840
38000,15517360
38200,15475590
38400,15594280
38600,15460010
38800,15504170
39000,15526280
39200,15574990
39400,15532190
39600,15523240
39800,15470820
40000,15591990
40200,15509150
40400,15494530
40600,15482710
40800,15594990
41000,15481790
41200,15516020
41400,15471220
41600,15587300
41800,15473250
42000,15545210
42200,15466550
42400,15595870
42600,15478730
42800,15521320
43000,15474780
43200,15668300
43400,15471850
43600,15524740
43800,15480280
44000,15609780
44200,15531340
44400,15557860
44600,15477830
44800,15604440
45000,15475830
45200,15524620
45400,15503850
45600,15589660
45800,15470330
46000,15519970
46200,15485670
46400,15617870
46600,15480920
46800,15535740
47000,15478890
47200,15567220
47400,15923000
47600,15518290
47800,15486420
48000,15623970
48200,15507420
48400,15533220
48600,15501850
48800,15587710
49000,15559000
49200,15593800
49400,15546320
49600,15619840
49800,15511760
50000,15523390
50200,15494030
50400,15616530
50600,15519420
50800,15518060
51000,15516280
51200,15596340
51400,15508430
51600,15533950
51800,15558370
52000,15677830
52200,15540070
52400,15643750
52600,15531980
52800,15736030
53000,15570090
53200,15559040
53400,15553090
53600,15613670
53800,15650900
54000,15556960
54200,15566210
54400,15690210
54600,15636980
54800,15618100
55000,15566960
55200,15612720
55400,15619600
55600,15595860
55800,15536390
56000,15692460
56200,15564460
56400,15605470
56600,15564260
56800,15642190
57000,15699220
57200,15597390
57400,15592180
57600,15703600
57800,15488370
58000,17003210
58200,15694590
58400,15660310
58600,15782660
58800,15599870
59000,15542600
59200,15628660
59400,15679750
59600,15593850
59800,15789220
60000,15654320
60200,15554380
60400,15670460
60600,15611390
60800,15688800
61000,16528090
61200,15599970
61400,15642460
61600,19126290
61800,15819640
62000,15977390
62200,15596930
62400,15640240
62600,15538570
62800,15669910
63000,15595040
63200,15650850
63400,15988200
63600,15653150
63800,15588670
64000,15683080
64200,15752880
64400,15666860
64600,15568600
64800,15897940
65000,15812110
65200,15632350
65400,15859540
65600,15718330
65800,15565890
66000,15731870
66200,15573680
66400,15667200
66600,16177660
66800,17706910
67000,24071860
67200,28391800
67400,27381540
67600,24523460
67800,28848240
68000,26726450
68200,27992010
68400,27317880
68600,23781510
68800,22942870
69000,21939760
69200,21772220
69400,21751950
69600,21634120
69800,21687920
70000,21652890
70200,21587990
70400,21535180
70600,21615040
70800,21383490
71000,21593760
71200,21580310
71400,21657090
71600,21416280
71800,21584830
72000,21488400
72200,21496730
72400,21414280
72600,21424940
72800,21417920
73000,21380430
73200,21403900
73400,21386370
73600,21400560
73800,21587350
74000,21269540
74200,21351870
74400,21970340
74600,21324450
74800,21353240
75000,21699010
75200,21586930
75400,21959200
75600,22383240
75800,22293730
76000,22209590
76200,22235560
76400,22189480
76600,22222580
76800,22129730
77000,22263530
77200,22019060
77400,23812130
77600,23144160
77800,22315870
78000,21978650
78200,22128210
78400,21946300
78600,22796270
78800,24145520
79000,22227140
79200,22565040
79400,22069160
79600,21890790
79800,22144680
80000,23525880
80200,23422090
80400,21858810
80600,22101030
80800,21996490
81000,29121490
81200,25728220
81400,24676730
81600,21836730
81800,21883850
82000,21780310
82200,21949590
82400,22099050
82600,21807820
82800,21636310
83000,21810140
83200,21700680
83400,21731140
83600,21642580
83800,21752640
84000,21761240
84200,22674660
84400,21567090
84600,21978400
84800,21626510
85000,21624880
85200,21675520
85400,21715230
85600,21559350
85800,21892670
86000,21429430
86200,21593570
86400,21398350
86600,21540440
86800,21376260
87000,21552490
87200,21382950
87400,21465320
87600,23235140
87800,21542920
88000,21342870
88200,21564760
88400,21612160
88600,21674860
88800,21433690
89000,21545070
89200,21482640
89400,21667970
89600,21816140
89800,22552420
90000,21901900
90200,22010480
90400,21757990
90600,21972080
90800,22567890
91000,22383010
91200,25117910
91400,27687500
91600,21975930
91800,22600050
92000,21749850
92200,21371540
92400,21431570
92600,21861120
92800,21895390
93000,21859530
93200,21951940
93400,22149770
93600,21880200
93800,22063280
94000,21943260
94200,22179160
94400,22205480
94600,23116270
94800,22062400
95000,22032330
95200,22312860
95400,23348370
95600,24463130
95800,27951410
96000,25698080
96200,23753090
96400,22751950
96600,22596220
96800,22147120
97000,22554590
97200,22319130
97400,22428350
97600,23295230
97800,21875230
98000,21880760
98200,21728140
98400,21664760
98600,21885180
98800,21684450
99000,22091360
99200,21936220
99400,22880820
99600,23699450
99800,22468520
100000,22098030
100200,22468800
100400,22387680
100600,22533070
100800,22168180
101000,22523200
101200,22314480
101400,20224470
101600,22311010
101800,21646330
102000,22124820
102200,21862040
102400,21691980
102600,21947470
102800,22083120
103000,22904080
103200,30414500
103400,21650550
103600,37261980
103800,37940410
104000,34449800
104200,37863000
104400,41745790
104600,42407070
104800,31894810
105000,36293410
105200,33065740
105400,31681530
105600,24812940
105800,26360990
106000,22994260
106200,22036790
106400,21330130
106600,21360790
106800,21424230
107000,21682150
107200,21294640
107400,21405290
107600,21411140
107800,21342850
108000,21122610
108200,21368000
108400,21285460
108600,21363200
108800,21323470
109000,21314670
109200,21190510
109400,21161440
109600,21231310
109800,21193530
110000,24259700
110200,22300690
110400,21255720
110600,21453220
110800,22321170
111000,21221850
111200,23629970
111400,22579600
111600,21184100
111800,21373300
112000,21065840
112200,21669110
112400,27160060
112600,21219460
112800,21845180
113000,22799420
113200,23213870
113400,23952710
113600,24330580
113800,26145730
114000,25562920
114200,24754510
114400,24319320
114600,24651340
114800,24635570
115000,24715660
115200,24419720
115400,24973150
115600,24420300
115800,24714530
116000,24519770
116200,25234430
116400,24537280
116600,24523660
116800,24503770
117000,24869380
117200,24606910
117400,24540220
117600,24222890
117800,24474360
118000,24318790
118200,24590350
118400,24124880
118600,24599730
118800,24106320
119000,24636290
119200,23981000
119400,24386620
119600,24136270
119800,24398240
120000,24370290
120200,24307030
120400,23968460
120600,24306200
120800,23937240
121000,24370600
121200,24274570
121400,26433670
121600,25570210
121800,25047570
122000,24919250
122200,25255420
122400,24592470
122600,24802430
122800,24637110
123000,24813280
123200,24941640
123400,24759990
123600,24772450
123800,24543140
124000,24548980
124200,24589180
124400,24623010
124600,24785660
124800,24347730
125000,24804930
125200,24435470
125400,25168680
125600,28290520
125800,24609080
126000,24320340
126200,24848560
126400,24195130
126600,24970040
126800,24440030
127000,24536190
127200,24194740
127400,24826830
127600,24278290
127800,24702480
128000,24658810
128200,24478410
128400,24362710
128600,24326500
128800,24285110
129000,27592630
129200,24833310
129400,24414980
129600,24670960
129800,24761730
130000,25768490
130200,25046760
130400,25566420
130600,26189640
130800,27008050
131000,27604790
131200,27358400
131400,27733440
131600,27421090
131800,27746410
132000,31418020
132200,31395470
132400,27168340
132600,27673730
132800,27099520
133000,27320560
133200,31700310
133400,28232150
133600,28150110
133800,27538460
134000,27088550
134200,27536840
134400,45438990
134600,43204920
134800,59906550
135000,53639680
135200,59122410
135400,40116950
135600,33417010
135800,33366210
136000,32959590
136200,33361700
136400,33208470
136600,33343770
136800,34248240
137000,33150270
137200,38468220
137400,33658060
137600,33193500
137800,37105830
138000,33693070
138200,33362380
138400,33857830
138600,37059650
138800,32826200
139000,33176830
139200,36655350
139400,41198220
139600,45912290
139800,34451950
140000,34623360
140200,42004930
140400,33453960
140600,44424150
140800,46847810
141000,57552450
141200,52959450
141400,42991590
141600,51035640
141800,41962510
142000,58711860
142200,45341090
142400,32147230
142600,32660350
142800,32163230
143000,32845800
143200,31956160
143400,33024260
143600,32171810
143800,33043000
144000,31785050
144200,32496030
144400,32289600
144600,32420880
144800,31954770
145000,32267640
145200,32248860
145400,32354970
145600,32365520
145800,32352600
146000,31975930
146200,32186380
146400,31867490
146600,32298890
146800,32097300
147000,34097870
147200,31862540
147400,32557460
147600,31651100
147800,33833340
148000,36597460
148200,31972870
148400,41754180
148600,32822010
148800,32140990
149000,32357630
149200,31601210
149400,32381740
149600,32591210
149800,34760470
150000,34457620
150200,33755430
150400,34196940
150600,35388160
150800,35204240
151000,52323560
151200,46095440
151400,43242430
151600,39220580
151800,45137710
152000,41937160
152200,39127280
152400,47976520
152600,43679860
152800,38375630
153000,44877640
153200,44287930
153400,38244450
153600,42888490
153800,44728580
154000,39529970
154200,39453960
154400,40784490
154600,37428530
154800,37262300
155000,35884470
155200,36837550
155400,37718370
155600,37145340
155800,37616030
156000,34985180
156200,37401160
156400,36055140
156600,37159610
156800,36830750
157000,43809380
157200,39500320
157400,44701230
157600,46138270
157800,38779230
158000,46165930
158200,47998640
158400,40092780
158600,41241800
158800,47675530
159000,43997350
159200,37067980
159400,40149620
159600,36397630
159800,36910420
160000,36282680
160200,37185240
160400,63200610
160600,71300560
160800,40106820
161000,52453510
161200,53511860
161400,43370850
161600,40619690
161800,39157570
162000,40215340
162200,37062100
162400,36609700
162600,37376800
162800,36470820
163000,37933520
163200,36005520
163400,37772760
163600,36485300
163800,37084980
164000,36445810
164200,36680400
164400,36375950
164600,37506770
164800,36123020
165000,37171690
165200,36443190
165400,39783820
165600,37521620
165800,39765580
166000,36581350
166200,37689970
166400,35840830
166600,37345140
166800,36518150
167000,36728220
167200,38056610
167400,38944450
167600,36324570
167800,37398630
168000,37114980
168200,36551500
168400,35849880
168600,36486690
168800,35952480
169000,38253620
169200,36491170
169400,40624220
169600,36972550
169800,36236760
170000,36662240
170200,38314900
170400,37971720
170600,38605990
170800,40871770
171000,39241080
171200,41510480
171400,37253170
171600,38991050
171800,38409410
172000,37863670
172200,38545090
172400,38181560
172600,40966180
172800,39155830
173000,42370110
173200,39353360
173400,38416120
173600,38063990
173800,39296480
174000,39130370
174200,39160940
174400,37922370
174600,38983750
174800,38165510
175000,39015030
175200,40220660
175400,42163370
175600,39544330
175800,38831240
176000,38478200
176200,42196460
176400,38288830
176600,40255740
176800,41788860
177000,40101380
177200,38087080
177400,49211870
177600,40031510
177800,43092760
178000,43354350
178200,40530910
178400,41111490
178600,40900000
178800,40331840
179000,40536500
179200,39774200
179400,41090030
179600,39906680
179800,42586810
180000,40049350
180200,46563480
180400,41881770
180600,39615850
180800,39861440
181000,41282930
181200,40211450
181400,40838310
181600,38935350
181800,44255280
182000,43774000
182200,42696460
182400,40244030
182600,40779160
182800,40650880
183000,40896370
183200,40501710
183400,41520610
183600,43637060
183800,46879010
184000,42099630
184200,43348590
184400,42419190
184600,42688550
184800,42095850
185000,45085610
185200,42503850
185400,43427590
185600,43654140
185800,43340480
186000,43217270
186200,43132670
186400,42404260
186600,45731370
186800,45567450
187000,43965040
187200,42360020
187400,44667920
187600,43307530
187800,43181910
188000,42346750
188200,42997860
188400,42357510
188600,43460290
188800,44363300
189000,47464410
189200,42726290
189400,43123110
189600,42040130
189800,42894140
190000,41506780
190200,42958050
190400,42034510
190600,43488230
190800,42222970
191000,43595730
191200,41834410
191400,43654750
191600,42621630
191800,41939610
192000,42285860
192200,43192780
192400,42951260
192600,42993990
192800,42067590
193000,44682280
193200,42045880
193400,53975830
193600,46429090
193800,48527480
194000,50781190
194200,46273410
194400,46011710
194600,56002580
194800,44322680
195000,44671750
195200,44626180
195400,45054430
195600,47719220
195800,46249310
196000,44270850
196200,44919240
196400,45096460
196600,46380730
196800,44718960
197000,47839760
197200,46888820
197400,44010450
197600,41855490
197800,47009320
198000,46141650
198200,46693450
198400,44610150
198600,43854440
198800,46898990
199000,46601260
199200,44333960
199400,47135770
199600,46275270
199800,43299430
200000,40516330
200200,46898070
200400,45818730
200600,45561600
200800,44716160
201000,46191400
201200,46947450
201400,49891400
201600,45553950
201800,48027390
202000,67730140
202200,47196470
202400,42429350
202600,48689630
202800,47808430
203000,48899380
203200,45200470
203400,48324240
203600,49305960
203800,48566870
204000,42182540
204200,46068900
204400,45115820
204600,49019080
204800,46728420
205000,44196300
205200,45524780
205400,48787200
205600,47051480
205800,57835460
206000,45176950
206200,49402930
206400,41696960
206600,42782840
206800,42842730
207000,42945230
207200,41988390
207400,43227680
207600,42288600
207800,43307660
208000,42273110
208200,44657660
208400,44567060
208600,45160820
208800,43640690
209000,45116260
209200,51392950
209400,47105000
209600,46786290
209800,50288230
210000,46436100
210200,57191130
210400,47630880
210600,49411040
210800,46830890
211000,47493030
211200,45321870
211400,47031740
211600,48010580
211800,50050590
212000,50179550
212200,47985710
212400,46575570
212600,47388700
212800,47747620
213000,50814430
213200,46346600
213400,47669890
213600,45935740
213800,46499650
214000,46344470
214200,49037940
214400,47627190
214600,47344010
214800,46066480
215000,47832830
215200,46078920
215400,46633570
215600,46770300
215800,47417880
216000,46191850
216200,46836770
216400,46567060
216600,48999350
216800,49304450
217000,47330890
217200,47021250
217400,49277540
217600,47874270
217800,48882720
218000,48117610
218200,48797840
218400,46950250
218600,48772830
218800,48339950
219000,49659190
219200,49555030
219400,50821880
219600,53125830
219800,50957380
220000,49692030
220200,53212200
220400,55054790
220600,55642050
220800,53391010
221000,54190470
221200,53757010
221400,54541340
221600,52847710
221800,53203660
222000,54391050
222200,54819030
222400,53655820
222600,53795350
222800,53628280
223000,55192210
223200,53898200
223400,53306890
223600,54820050
223800,59178790
224000,54842490
224200,56812630
224400,59168580
224600,55774610
224800,60155580
225000,54129120
225200,54454150
225400,53809820
225600,52924080
225800,56962820
226000,52629250
226200,50989560
226400,49689920
226600,50671660
226800,49484210
227000,51541100
227200,49261660
227400,53141510
227600,51325420
227800,50906340
228000,50059870
228200,51258920
228400,49519780
228600,50328410
228800,50689970
229000,53132650
229200,49609480
229400,50621000
229600,49252100
229800,51397060
230000,49636600
230200,50960540
230400,49248530
230600,52028650
230800,50784300
231000,52021040
231200,50896410
231400,52826880
231600,52081980
231800,53495850
232000,52520880
232200,53837470
232400,53256020
232600,54341390
232800,54565410
233000,59306980
233200,54332030
233400,55347870
233600,62306810
233800,64010790
234000,54654470
234200,56000750
234400,53876690
234600,55469630
234800,54317110
235000,55331670
235200,53694790
235400,55681460
235600,55184950
235800,54232310
236000,56281160
236200,58744530
236400,55606700
236600,55233900
236800,54582480
237000,56084840
237200,55663750
237400,62380580
237600,55384520
237800,56992540
238000,58140960
238200,56026260
238400,60419690
238600,55444540
238800,54724660
239000,55159450
239200,54064670
239400,56524450
239600,54906030
239800,55819250
240000,54515930
240200,56552330
240400,55515920
240600,56300520
240800,54860780
241000,56062910
241200,56794680
241400,55375290
241600,55023140
241800,55831710
242000,56158300
242200,57267610
242400,56071230
242600,59278610
242800,58904390
243000,57526790
243200,55640730
243400,58540920
243600,56383820
243800,57017880
244000,57546350
244200,57533300
244400,56699930
244600,57198250
244800,58686770
245000,62117120
245200,57649870
245400,58624050
245600,57249720
245800,59960360
246000,57499050
246200,58179190
246400,57209490
246600,58751380
246800,58026590
247000,58594000
247200,57965710
247400,58827050
247600,57884120
247800,58711110
248000,62909930
248200,63668840
248400,58218920
248600,59346850
248800,57500120
249000,59027650
249200,56818920
249400,59142580
249600,57637960
249800,58945160
250000,58333660
250200,65566260
250400,59341920
250600,63308880
250800,59494960
251000,69266210
251200,59451520
251400,62200330
251600,62707670
251800,61390840
252000,61227640
252200,63266250
252400,63345820
252600,62400470
252800,60598190
253000,62583750
253200,60096780
253400,62072300
253600,60177820
253800,62074910
254000,61190030
254200,61791490
254400,60790150
254600,62272240
254800,61363050
255000,62239990
255200,60815200
255400,61923400
255600,60642530
255800,63883730
256000,60260710
256200,62652770
256400,61056220
256600,62499760
256800,61559290
257000,62295020
257200,61226120
257400,63607530
257600,61607310
257800,64356890
258000,63697410
258200,63776690
258400,60867060
258600,64012980
258800,62625440
259000,65083440
259200,64524260
259400,62918670
259600,61675740
259800,63726600
260000,61759830
260200,63851150
260400,61719050
260600,63519140
260800,62025300
261000,63775010
261200,62673780
261400,63328560
261600,61842380
261800,63781800
262000,67710060
262200,70344370
262400,66649730
262600,71396750
262800,67336230
263000,68047120
263200,61621520
263400,63049430
263600,62227630
263800,63156060
264000,61187190
264200,62859670
264400,62186370
264600,62828330
264800,61632050
265000,62874530
265200,61440710
265400,63114630
265600,62444100
265800,64035620
266000,63223190
266200,64052930
266400,62620980
266600,66216100
266800,65322050
267000,64238780
267200,63196650
267400,64462470
267600,63294700
267800,64782090
268000,62487670
268200,64735800
268400,63780680
268600,64195960
268800,62437770
269000,63977200
269200,62997080
269400,67441180
269600,64941650
269800,63762700
270000,63218690
270200,64243300
270400,62981830
270600,64364310
270800,62915010
271000,64425770
271200,62961820
271400,64385520
271600,62303920
271800,64391300
272000,62701760
272200,66715760
272400,65876810
272600,64741700
272800,62884920
273000,65251620
273200,63563520
273400,68816480
273600,64788910
273800,69716110
274000,64352880
274200,75213960
274400,66808530
274600,65891420
274800,64752980
275000,66901270
275200,64324580
275400,65980250
275600,64856150
275800,66169470
276000,64409110
276200,66433160
276400,64542510
276600,66297330
276800,64473510
277000,66403900
277200,64723960
277400,66106260
277600,68546950
277800,66858640
278000,64439380
278200,65778700
278400,64762460
278600,73545890
278800,89213480
279000,67749220
279200,65357850
279400,67197070
279600,65054560
279800,65906880
280000,64741700
280200,66217900
280400,64910830
280600,69240140
280800,72574800
281000,67175050
281200,65122180
281400,66730630
281600,64913640
281800,67874890
282000,65839480
282200,82831030
282400,75705670
282600,78221870
282800,75664890
283000,76393700
283200,75306400
283400,67801960
283600,65895760
283800,68262790
284000,66015330
284200,72659250
284400,66941030
284600,70820660
284800,66296800
285000,73770730
285200,65329240
285400,67608710
285600,65812550
285800,67559130
286000,77203240
286200,87459750
286400,85488100
286600,89187750
286800,88854130
287000,88593220
287200,77800940
287400,80405890
287600,77188620
287800,76801540
288000,75645740
288200,72533190
288400,66575850
288600,68014590
288800,72845410
289000,80282930
289200,76395690
289400,79814120
289600,77581880
289800,84275740
290000,94293560
290200,83214460
290400,69546780
290600,73698560
290800,69298940
291000,68296540
291200,66712310
291400,67510070
291600,65853660
291800,68006780
292000,66058310
292200,68092740
292400,66421580
292600,67804600
292800,66070310
293000,68171690
293200,66558550
293400,68415980
293600,65907710
293800,67934240
294000,66605800
294200,72635050
294400,67202680
294600,71598580
294800,66469190
295000,75043340
295200,65991280
295400,67711070
295600,66842510
295800,67989740
296000,66099740
296200,67892550
296400,65596000
296600,68168480
296800,66502110
297000,67736940
297200,66601160
297400,68030220
297600,66128810
297800,68055990
298000,65916950
298200,66880340
298400,66299600
298600,67621540
298800,65893910
299000,67989280
299200,65772990
299400,81032600
299600,95769660
299800,93841930
300000,90384930
300200,68197380
300400,66067080
300600,67420450
300800,65829090
301000,68252520
301200,66185490
301400,77508660
301600,68112740
301800,69679420
302000,68992460
302200,70892510
302400,68373720
302600,70813960
302800,86875030
303000,80116850
303200,81392710
303400,82133340
303600,79890090
303800,71115240
304000,68844430
304200,70814860
304400,68686630
304600,74724830
304800,69995630
305000,72159000
305200,76332220
305400,70470890
305600,68712490
305800,70268840
306000,68562350
306200,70929500
306400,69342930
306600,70833040
306800,68920660
307000,70535920
307200,69003320
307400,83353440
307600,89173990
307800,104564510
308000,79121430
308200,91144500
308400,73669180
308600,72063650
308800,70392090
309000,72215320
309200,70432660
309400,76380430
309600,70992840
309800,73109800
310000,70838930
310200,73019130
310400,72616400
310600,72770460
310800,70525380
311000,73704780
311200,70594580
311400,72851500
311600,70808660
311800,72107760
312000,72333950
312200,75016350
312400,71141290
312600,73213980
312800,70240100
313000,72486700
313200,70525960
313400,73122600
313600,70913670
313800,72405680
314000,70613500
314200,72609910
314400,71283690
314600,74841240
314800,73028630
315000,74875850
315200,74789200
315400,72482200
315600,70026800
315800,71632800
316000,70202980
316200,73614760
316400,74084580
316600,72941190
316800,72134100
317000,72992480
317200,71085920
317400,73461860
317600,71358710
317800,72769840
318000,71001790
318200,75154900
318400,73729450
318600,74142750
318800,71412410
319000,82260300
319200,71509930
319400,73350020
319600,72876660
319800,73161040
320000,72122510
320200,73664170
320400,71642440
320600,73610680
320800,75665470
321000,74801910
321200,71854590
321400,73943210
321600,71748010
321800,73431520
322000,73557240
322200,75369470
322400,72289690
322600,73845570
322800,71404680
323000,73496950
323200,71148610
323400,73890220
323600,71792440
323800,72670830
324000,71194710
324200,75621280
324400,72936730
324600,76455180
324800,74483600
325000,74520390
325200,78307790
325400,73491220
325600,71778230
325800,74248470
326000,73128460
326200,76465740
326400,72315920
326600,74012930
326800,71706830
327000,72890330
327200,71240300
327400,86127690
327600,76669650
327800,73136550
328000,70956910
328200,73261420
328400,71494240
328600,73093030
328800,71143530
329000,78190190
329200,72398760
329400,73742830
329600,71336930
329800,73704380
330000,71355690
330200,73167600
330400,71307070
330600,73529540
330800,71723560
331000,78851620
331200,72352370
331400,75369500
331600,71466660
331800,73948010
332000,72210230
332200,74959920
332400,72336700
332600,76400670
332800,75659460
333000,74566220
333200,72805990
333400,74867220
333600,72384870
333800,74844090
334000,72208450
334200,76594270
334400,79604120
334600,76956840
334800,74078660
335000,80560050
335200,72993420
335400,74207750
335600,72448660
335800,75121340
336000,72400250
336200,76756540
336400,75303460
336600,75936500
336800,72909570
337000,74512840
337200,73040670
337400,75036240
337600,72359490
337800,75015130
338000,72437930
338200,76185840
338400,75363280
338600,75690270
338800,72804250
339000,74714620
339200,75432320
339400,76251530
339600,74361290
339800,76154400
340000,73565940
340200,76309110
340400,73722480
340600,78002790
340800,76586280
341000,76144330
341200,74209370
341400,75558340
341600,73688930
341800,75553110
342000,73504970
342200,78173380
342400,73897010
342600,75846560
342800,73573320
343000,75965220
343200,74218020
343400,75991530
343600,73874440
343800,75839490
344000,76705860
344200,77040170
344400,76865270
344600,76673000
344800,80676910
345000,76584390
345200,74939170
345400,76029380
345600,73834310
345800,75659540
346000,73866470
346200,78014670
346400,75969770
346600,75754490
346800,73467450
347000,76173010
347200,73934470
347400,76384000
347600,73878870
347800,76672930
348000,74495140
348200,76233690
348400,73907190
348600,77810820
348800,79943410
349000,80221310
349200,76820300
349400,76977480
349600,74470570
349800,77054730
350000,74441870
350200,77805850
350400,75187890
350600,76296190
350800,74559390
351000,76395910
351200,74503010
351400,76673580
351600,74598590
351800,76585660
352000,74632870
352200,76494100
352400,74526350
352600,76843850
352800,74522100
353000,76894120
353200,74477320
353400,76717210
353600,78441690
353800,78155670
354000,77555690
354200,80143550
354400,74650550
354600,77000690
354800,76427590
355000,76443790
355200,74301310
355400,76551200
355600,74459130
355800,77171390
356000,74414850
356200,77918670
356400,77114560
356600,76768370
356800,74817760
357000,76547450
357200,74388800
357400,77447140
357600,74244540
357800,77258350
358000,76362030
358200,79083210
358400,75571780
358600,77541460
358800,76167750
359000,77826030
359200,75712370
359400,79772950
359600,76537670
359800,79077860
360000,75146260
360200,77487860
360400,77121880
360600,80513660
360800,75215640
361000,77427390
361200,76183290
361400,77837850
361600,76105560
361800,78318770
362000,75084980
362200,78160320
362400,75294590
362600,79232560
362800,78018090
363000,82654110
363200,77166990
363400,81770150
363600,78483450
363800,82830110
364000,79384830
364200,81237340
364400,78615040
364600,81044610
364800,78607150
365000,83497890
365200,80555210
365400,81334230
365600,78880750
365800,81348070
366000,78942400
366200,81456330
366400,79701830
366600,81805180
366800,79842600
367000,81179110
367200,80545750
367400,85161270
367600,84159010
367800,86078910
368000,83023820
368200,86042840
368400,82766560
368600,81104380
368800,79389890
369000,82608760
369200,79611080
369400,82560130
369600,81370210
369800,84059520
370000,80196800
370200,82347450
370400,80082900
370600,81974950
370800,79719530
371000,85866750
371200,80561130
371400,83116600
371600,81912950
371800,82404820
372000,83649260
372200,85261930
372400,81217510
372600,88388160
372800,80183760
373000,82632680
373200,79913640
373400,81617500
373600,79878280
373800,82701670
374000,80129890
374200,82121640
374400,79770850
374600,82233470
374800,80347510
375000,82097190
375200,81239530
375400,82009880
375600,80455040
375800,82032970
376000,80065160
376200,83060350
376400,81396180
376600,83173000
376800,81320640
377000,83375370
377200,80745620
377400,82612120
377600,80825760
377800,87454150
378000,80723120
378200,83074320
378400,80387150
378600,83235900
378800,80582810
379000,83442890
379200,81022830
379400,94434990
379600,80290650
379800,83594350
380000,81063460
380200,83050700
380400,80891070
380600,82871750
380800,84789200
381000,84399590
381200,82889230
381400,89014310
381600,81782000
381800,84259830
382000,84257010
382200,84114700
382400,81949910
382600,84213830
382800,81765000
383000,85610980
383200,83184790
383400,85002530
383600,81862540
383800,84038190
384000,81618930
384200,84208610
384400,81744030
384600,83779820
384800,81850440
385000,83664200
385200,82959170
385400,83736080
385600,83254690
385800,83850920
386000,83206640
386200,87580580
386400,82166670
386600,84425870
386800,81524430
387000,84341040
387200,81717590
387400,84067800
387600,81607240
387800,84722540
388000,81675130
388200,84192970
388400,81579400
388600,84573530
388800,82067590
389000,83973800
389200,81542610
389400,86391650
389600,83235480
389800,86887360
390000,87329150
390200,83918800
390400,83005220
390600,85095830
390800,82416880
391000,84618340
391200,84192620
391400,86377820
391600,83411700
391800,85702150
392000,83453490
392200,86102400
392400,83050910
392600,85250890
392800,83207870
393000,86012180
393200,82983080
393400,86492900
393600,85679840
393800,87645260
394000,83428160
394200,85927790
394400,83917690
394600,86379880
394800,84079480
395000,87244620
395200,84329760
395400,86467460
395600,84548050
395800,86070890
396000,85320920
396200,86428040
396400,84686100
396600,86447220
396800,84105700
397000,86553380
397200,84253490
397400,86475600
397600,84086040
397800,86288390
398000,87627120
398200,89223620
398400,85422650
398600,92345040
398800,84315700
399000,86493030
399200,84561420
399400,86489880
399600,84987100
399800,87437510
400000,85558860
400200,87244250
400400,85189120
400600,87483630
400800,85165380
401000,89606540
401200,85087650
401400,87638880
401600,84981240
401800,87576860
402000,84943970
402200,87994490
402400,85236270
402600,87893880
402800,85231740
403000,87687210
403200,85141370
403400,87767360
403600,86937130
403800,87572680
404000,85274980
404200,87383220
404400,84905040
404600,87325730
404800,85730710
405000,87514480
405200,85072590
405400,87394880
405600,85685810
405800,87661100
406000,85264440
406200,87325020
406400,88530280
406600,89941640
406800,86660870
407000,92227680
407200,85514920
407400,87589260
407600,85337430
407800,87732140
408000,85390560
408200,88368220
408400,85231090
408600,88671410
408800,85411590
409000,87748930
409200,85037930
409400,87624530
409600,85308700
409800,88110050
410000,85141830
410200,87688670
410400,85328020
410600,88516180
410800,86288380
411000,88620310
411200,85449460
411400,87931720
411600,85384380
411800,88528190
412000,85351730
412200,88467570
412400,87888450
412600,87943340
412800,85784330
413000,87539600
413200,85617440
413400,88558510
413600,87442540
413800,88543970
414000,85257020
414200,87688460
414400,85449860
414600,90257430
414800,86944200
415000,90471720
415200,90436890
415400,89032410
415600,87304900
415800,88397920
416000,85512300
416200,87835490
416400,85614480
416600,88124920
416800,88210430
417000,88249960
417200,85788080
417400,88050270
417600,85470570
417800,87787810
418000,86076900
418200,87810860
418400,85447690
418600,88678210
418800,88917550
419000,88708210
419200,85983190
419400,87762450
419600,85802740
419800,87854320
420000,85901350
420200,87948040
420400,90170140
420600,88587510
420800,85831790
421000,87764570
421200,85881920
421400,88172510
421600,85827170
421800,88048260
422000,89390010
422200,88865640
422400,85638480
422600,87825630
422800,86258430
423000,89598760
423200,87772160
423400,89758550
423600,86389380
423800,89541500
424000,86865950
424200,88288890
424400,85369880
424600,88505310
424800,86042020
425000,88191760
425200,85294480
425400,87993810
425600,87138450
425800,88164760
426000,87129060
426200,88524440
426400,85492140
426600,87798900
426800,85493890
427000,89390390
427200,87608230
427400,88496220
427600,85988800
427800,87778200
428000,85766850
428200,88525410
428400,86766490
428600,89267380
428800,88982030
429000,89344450
429200,86358840
429400,89223560
429600,87285700
429800,89447470
430000,86901320
430200,89467670
430400,87238540
430600,89360910
430800,88601280
431000,91616390
431200,89362300
431400,91382700
431600,89415190
431800,89285680
432000,87258430
432200,89574320
432400,88509240
432600,91488250
432800,88324650
433000,90846050
433200,87829840
433400,90165770
433600,88326520
433800,90302540
434000,87774520
434200,92486150
434400,88823220
434600,90005850
434800,87874740
435000,90265430
435200,88331750
435400,90559760
435600,88211650
435800,90155870
436000,87877920
436200,90998620
436400,88575680
436600,91034370
436800,88207490
437000,90300840
437200,87784340
437400,90281140
437600,88072920
437800,89840380
438000,87792040
438200,90240100
438400,88271710
438600,89666390
438800,87876790
439000,91132240
439200,91210540
439400,92330930
439600,88440080
439800,93735630
440000,87977860
440200,91679210
440400,88193040
440600,89820530
440800,88349500
441000,90399600
441200,87960310
441400,89879860
441600,88275270
441800,89981230
442000,88796650
442200,91648230
442400,88287480
442600,89894720
442800,87824740
443000,89900980
443200,90178700
443400,91739440
443600,89158650
443800,90224450
444000,88653570
444200,90606050
444400,89040300
444600,90626960
444800,88823900
445000,90678800
445200,88391800
445400,90936160
445600,89489940
445800,91193270
446000,88204390
446200,90915200
446400,88783780
446600,91125030
446800,88909910
447000,91436510
447200,92080140
447400,93556320
447600,89575110
447800,97666750
448000,94016370
448200,92034550
448400,89179700
448600,91701840
448800,89650250
449000,91811400
449200,89302400
449400,91641460
449600,89625230
449800,92805480
450000,90576720
450200,91777400
450400,90199070
450600,92379250
450800,90456510
451000,91995910
451200,89914770
451400,91676830
451600,89452700
451800,93676360
452000,90912970
452200,92415230
452400,90365120
452600,92127090
452800,90370400
453000,92198840
453200,89703060
453400,91919820
453600,90655670
453800,93901630
454000,91249950
454200,92203420
454400,92464830
454600,106833230
454800,90352220
455000,95406540
455200,93107450
455400,93502330
455600,91041760
455800,92931120
456000,90879380
456200,92645510
456400,90707670
456600,93302810
456800,92294380
457000,93012520
457200,90486510
457400,93131470
457600,90742880
457800,92942090
458000,90564180
458200,93081520
458400,90715140
458600,92973970
458800,90788480
459000,94153940
459200,92200880
459400,93190640
459600,90818800
459800,93138440
460000,91152380
460200,93066060
460400,90806680
460600,93171650
460800,90956040
461000,92837060
461200,90499300
461400,95364950
461600,90748690
461800,92794740
462000,90804860
462200,93478760
462400,92328530
462600,94918950
462800,94495850
463000,95753350
463200,93778890
463400,95104220
463600,91243100
463800,93425300
464000,91380710
464200,93267690
464400,91368390
464600,93541820
464800,91175060
465000,95567580
465200,91481660
465400,93458260
465600,91343220
465800,93444670
466000,91278240
466200,93390010
466400,91285510
466600,94424780
466800,91453510
467000,93758520
467200,92502420
467400,94198130
467600,92665000
467800,93982300
468000,91289590
468200,93327100
468400,90778630
468600,93191440
468800,90741150
469000,93409460
469200,90770950
469400,94402620
469600,93479890
469800,97786750
470000,92718430
470200,93470010
470400,92735390
470600,94755380
470800,93001830
471000,97168750
471200,92227390
471400,94074980
471600,91393600
471800,93670110
472000,91041990
472200,95409570
472400,92395130
472600,93658920
472800,91173120
473000,93584330
473200,91010980
473400,94466510
473600,91699590
473800,94526430
474000,92287080
474200,93616900
474400,91679900
474600,93832770
474800,93738670
475000,93878390
475200,91449350
475400,94382020
475600,91289840
475800,93607900
476000,91460370
476200,93568650
476400,91145650
476600,93669000
476800,91435160
477000,94668180
477200,91011600
477400,94254290
477600,94305680
477800,94420700
478000,91841460
478200,98310560
478400,94348330
478600,94932820
478800,92992890
479000,94706160
479200,92206600
479400,94800360
479600,91847240
479800,94640350
480000,93247910
480200,98380340
480400,94810360
480600,97620210
480800,92409390
481000,94253510
481200,91733730
481400,95143620
481600,93156890
481800,94462490
482000,102450800
482200,97434520
482400,93546410
482600,93869980
482800,93409100
483000,95423080
483200,92437560
483400,95424730
483600,92213860
483800,94262030
484000,92972050
484200,94735380
484400,91965840
484600,94156420
484800,91994890
485000,94131380
485200,93835870
485400,94344300
485600,92875860
485800,97158740
486000,94185630
486200,95040510
486400,92912790
486600,94845720
486800,92131230
487000,94843720
487200,92373130
487400,96902530
487600,92510040
487800,95043010
488000,94465900
488200,96199250
488400,93434920
488600,95127220
488800,92479380
489000,94908140
489200,92390130
489400,94749780
489600,93887110
489800,97800800
490000,94793800
490200,94828390
490400,92852860
490600,94889580
490800,97252080
491000,95683230
491200,92957880
491400,94886890
491600,92259050
491800,94369380
492000,92797150
492200,94820490
492400,92329750
492600,96867440
492800,93183030
493000,95491200
493200,92860880
493400,98643350
493600,95767220
493800,98239470
494000,92922070
494200,95361970
494400,93331120
494600,95351440
494800,93646050
495000,96321750
495200,93929190
495400,95888390
495600,94673550
495800,95912070
496000,93843520
496200,99782430
496400,95923670
496600,95799470
496800,95343960
497000,107599410
497200,94266770
497400,96140020
497600,93810270
497800,96069510
498000,93489400
498200,96397770
498400,94116540
498600,96090480
498800,93394610
499000,96920550
499200,93526800
499400,96398240
499600,93407700
499800,95805820
500000,93624020
500200,96220190
500400,93283070
500600,95776460
500800,95715030
501000,98448500
501200,94551300
501400,99214100
501600,96702800
501800,96633820
502000,93705010
502200,96130450
502400,94280520
502600,96304330
502800,94031990
503000,96295000
503200,94427290
503400,96248030
503600,96172390
503800,96128410
504000,94213320
504200,95952840
504400,93921440
504600,96300760
504800,94244930
505000,96753510
505200,93891270
505400,97033810
505600,94729650
505800,98876950
506000,94268270
506200,96990080
506400,94394670
506600,96719130
506800,94377770
507000,96734480
507200,101363350
507400,96552440
507600,94591000
507800,96666140
508000,95440240
508200,98397150
508400,96068770
508600,97350910
508800,98100430
509000,96686820
509200,94437140
509400,96793420
509600,94693710
509800,96924190
510000,94457250
510200,97758960
510400,94726080
510600,96935340
510800,94288600
511000,96638320
511200,94566890
511400,96910960
511600,94329540
511800,96775710
512000,96260830
512200,116319790
512400,122769890
512600,96852550
512800,94750320
513000,97352550
513200,94287500
513400,97036860
513600,94667150
513800,96895470
514000,94373920
514200,96885430
514400,94210590
514600,97781010
514800,94178620
515000,96891000
515200,94680150
515400,96799680
515600,96402200
515800,98415510
516000,95196320
516200,98096710
516400,94568790
516600,96563950
516800,95481210
517000,96853920
517200,94607840
517400,96866570
517600,94797980
517800,96971120
518000,94488940
518200,96811120
518400,94563280
518600,97040740
518800,94106980
519000,97660390
519200,94716100
519400,97033510
519600,94562380
519800,96974950
520000,94623740
520200,102705870
520400,95048700
520600,96659270
520800,94913790
521000,96857890
521200,94986460
521400,97340420
521600,95433670
521800,97463940
522000,95015190
522200,97336360
522400,95533140
522600,97539890
522800,95025940
523000,99164560
523200,97345620
523400,100901700
523600,95468830
523800,97714030
524000,95355960
524200,97468720
524400,94955470
524600,97860850
524800,95348330
525000,97628250
525200,95025850
525400,97491820
525600,95157040
525800,97613210
526000,95164110
526200,97406440
526400,95406670
526600,97781250
526800,94853870
527000,97325190
527200,95579390
527400,97427660
527600,95166900
527800,97844450
528000,96523650
528200,97581210
528400,95138180
528600,97388470
528800,95276360
529000,97604840
529200,94936200
529400,97272020
529600,95467260
529800,98253750
530000,95637860
530200,98763440
530400,97411470
530600,100004730
530800,98852330
531000,98081790
531200,95925590
531400,98099780
531600,95517630
531800,97762750
532000,96049550
532200,98176680
532400,96376990
532600,98130190
532800,95897020
533000,97978860
533200,95588540
533400,98148300
533600,95843650
533800,98100060
534000,98066170
534200,98284210
534400,95895500
534600,99008090
534800,95645360
535000,98143380
535200,96152650
535400,97986600
535600,95692810
535800,98026810
536000,95824620
536200,98160740
536400,95710510
536600,98003590
536800,96868060
537000,98166680
537200,95720120
537400,98070300
537600,96726820
537800,98962850
538000,97102250
538200,100696630
538400,95959270
538600,98126020
538800,95625620
539000,98810430
539200,95998840
539400,98115470
539600,95913940
539800,97978050
540000,96140420
540200,97930320
540400,95607480
540600,97820480
540800,96045990
541000,98052260
541200,96332630
541400,98058800
541600,96228310
541800,98159230
542000,95701930
542200,98117440
542400,95807300
542600,98352080
542800,95436280
543000,98169020
543200,95889050
543400,99788030
543600,95536950
543800,98128660
544000,95766330
544200,98148150
544400,95733450
544600,98100250
544800,95972080
545000,99499960
545200,96328060
545400,98342390
545600,99734660
545800,97979690
546000,95748660
546200,97986660
546400,95908510
546600,98252300
546800,95678120
547000,98184570
547200,95860640
547400,98180660
547600,95772450
547800,98735190
548000,95906660
548200,98145560
548400,95585000
548600,98056550
548800,95894740
549000,98262820
549200,95802350
549400,106263690
549600,107841610
549800,109497660
550000,96591590
550200,98093110
550400,95890870
550600,98283010
550800,95586130
551000,98144320
551200,95888820
551400,98143620
551600,95605490
551800,98276970
552000,96009180
552200,99369360
552400,96498750
552600,99521900
552800,99024820
553000,98360190
553200,100643670
553400,98084390
553600,95828720
553800,98169030
554000,95738240
554200,98354360
554400,96765500
554600,98315900
554800,95651660
555000,97981340
555200,95958810
555400,98858840
555600,100673520
555800,98025230
556000,112298420
556200,103065090
556400,95739480
556600,98206640
556800,95880200
557000,98472950
557200,95882860
557400,98502370
557600,96058460
557800,98402430
558000,95607430
558200,98343780
558400,96073430
558600,98414060
558800,95627290
559000,99570550
559200,96130410
559400,111357090
559600,96936240
559800,99529430
560000,98689650
560200,98322580
560400,95785600
560600,98171620
560800,96154450
561000,98120170
561200,95742190
561400,98281880
561600,96061920
561800,98172410
562000,95797140
562200,98047840
562400,96162200
562600,98414740
562800,95854830
563000,98125210
563200,96326880
563400,99006180
563600,95800410
563800,98376180
564000,96059600
564200,106989770
564400,96126710
564600,98203780
564800,96030400
565000,98311850
565200,95764350
565400,98161180
565600,96028740
565800,98166790
566000,95675620
566200,98758220
566400,96106880
566600,98672310
566800,98737340
567000,98532460
567200,96656010
567400,101338690
567600,107750090
567800,115110390
568000,100528000
568200,98330000
568400,96175140
568600,98580750
568800,96509940
569000,98416790
569200,95972390
569400,98363680
569600,96329180
569800,99302750
570000,95946900
570200,98409450
570400,96563370
570600,98450260
570800,96162960
571000,98542510
571200,96334510
571400,99966100
571600,97230980
571800,99474360
572000,98102950
572200,98676400
572400,96092470
572600,98411840
572800,97974390
573000,98780830
573200,95948950
573400,98349120
573600,96475210
573800,99187770
574000,98814840
574200,99842020
574400,96649130
574600,100239280
574800,95807900
575000,98165890
575200,96371680
575400,99029550
575600,95973270
575800,98388840
576000,96189420
576200,98451820
576400,95634880
576600,98211270
576800,95991440
577000,98484710
577200,97499980
577400,98824450
577600,97498000
577800,98410440
578000,95783490
578200,98606730
578400,97581000
578600,98628670
578800,96348960
579000,98764790
579200,97524140
579400,98425310
579600,96033570
579800,98079490
580000,96093950
580200,98204950
580400,95783070
580600,98379300
580800,96130000
581000,98449350
581200,98180760
581400,98906510
581600,96670740
581800,105560230
582000,114226040
582200,123376710
582400,107381200
582600,108820590
582800,111600260
583000,97981940
583200,95519110
583400,97698190
583600,95255980
583800,98704980
584000,96058750
584200,98010690
584400,95244950
584600,97891870
584800,95803640
585000,98407850
585200,95949690
585400,98887940
585600,96922180
585800,98557740
586000,96065180
586200,98136230
586400,96748000
586600,99207030
586800,96158160
587000,98231870
587200,96001060
587400,98188490
587600,95818700
587800,98165470
588000,96108680
588200,98286990
588400,98859440
588600,100249640
588800,98029570
589000,98201400
589200,95769580
589400,98242360
589600,96015900
589800,98277200
590000,95803660
590200,99862860
590400,96281610
590600,98686830
590800,95656690
591000,98316970
591200,95904720
591400,98564500
591600,95815280
591800,98269220
592000,96580720
592200,98373180
592400,97376070
592600,98497110
592800,96134820
593000,99770930
593200,96123390
593400,98398310
593600,96778140
593800,99204140
594000,96064510
594200,98289730
594400,96747790
594600,99118050
594800,95829660
595000,98491770
595200,97687050
595400,98470200
595600,97590110
595800,99912080
596000,98233250
596200,98439570
596400,95690160
596600,98074650
596800,97381410
597000,98270670
597200,96164440
597400,98344960
597600,97173560
597800,99225800
598000,95942920
598200,98189010
598400,95997530
598600,98379980
598800,95778500
599000,98303580
599200,96868580
599400,99923930
599600,95891530
599800,98513330
600000,96010460
600200,98217680
600400,96329670
600600,98207830
600800,96238390
601000,98361990
601200,95953930
601400,98260720
601600,98097520
601800,98211020
602000,95913140
602200,98214180
602400,96034460
602600,98299190
602800,97580230
603000,99491770
603200,96575730
603400,102336010
603600,96078200
603800,98227920
604000,96894160
604200,99243340
604400,95737900
604600,98979760
604800,97255840
605000,98539690
605200,95721900
605400,98281230
605600,96233770
605800,98377540
606000,95797410
606200,98206670
606400,96698970
606600,98188540
606800,97768290
607000,98594760
607200,96051870
607400,99251770
607600,96477550
607800,99309640
608000,96026290
608200,99999450
608400,96169640
608600,98505860
608800,96671230
609000,99336430
609200,96033320
609400,98420540
609600,95936470
609800,98379960
610000,97798260
610200,99500430
610400,96779060
610600,99979310
610800,95766550
611000,98848660
611200,96134750
611400,98218100
611600,95960740
611800,98316490
612000,96377130
612200,98427880
612400,95852270
612600,98137480
612800,96038610
613000,98356090
613200,96531040
613400,98270140
613600,96100900
613800,98269900
614000,95928510
614200,98298890
614400,96119400
614600,98297560
614800,96116630
615000,98217100
615200,96206980
615400,99384310
615600,95973500
615800,98299590
616000,96132840
616200,98276590
616400,95842660
616600,98576230
616800,95960100
617000,98308500
617200,97314940
617400,99604900
617600,97105330
617800,98762330
618000,95814320
618200,98237750
618400,103365800
618600,98371580
618800,96263040
619000,98390450
619200,96474340
619400,98429240
619600,95950910
619800,98211300
620000,96141030
620200,98525620
620400,96126620
620600,99427950
620800,96516440
621000,98291240
621200,95901770
621400,98262530
621600,95984780
621800,98321750
622000,96134700
622200,98314340
622400,96284100
622600,99279750
622800,96162560
623000,100017150
623200,97059010
623400,98266040
623600,95863060
623800,98273880
624000,96142200
624200,98372580
624400,97464330
624600,99877640
624800,99101990
625000,99901330
625200,96438950
625400,98582940
625600,96707100
625800,98660580
626000,96288300
626200,98711900
626400,96699740
626600,98990310
626800,96175200
627000,100124770
627200,96642700
627400,98823160
627600,96153460
627800,98635380
628000,96721320
628200,98725140
628400,96334050
628600,98678830
628800,96485310
629000,98583210
629200,97639950
629400,98448160
629600,96583570
629800,98665580
630000,96309530
630200,98642010
630400,96525390
630600,98681970
630800,96198710
631000,98744080
631200,96399700
631400,99170860
631600,97871420
631800,100247260
632000,99673200
632200,98762700
632400,96277930
632600,98658180
632800,96542940
633000,98657170
633200,96381790
633400,99510410
633600,96610650
633800,98875940
634000,96238810
634200,98783170
634400,96447020
634600,101424510
634800,96273720
635000,98726410
635200,97784230
635400,98874450
635600,97131540
635800,98661460
636000,96506130
636200,98940910
636400,96668580
636600,98962210
636800,96698300
637000,98754950
637200,96569670
637400,98746640
637600,96533730
637800,99811920
638000,96302820
638200,98870270
638400,96730740
638600,99710990
638800,96751740
639000,100124250
639200,101220680
639400,98753010
639600,96091180
639800,99410660
640000,96485180
640200,98760770
640400,96314250
640600,98882320
640800,96488870
641000,98818990
641200,96142480
641400,98556680
641600,96534630
641800,98768740
642000,97006360
642200,98811340
642400,96455160
642600,98730600
642800,96359500
643000,98614310
643200,96585390
643400,99059070
643600,96764940
643800,98716630
644000,96589990
644200,99757200
644400,96126760
644600,98679500
644800,96376020
645000,99688800
645200,102724400
645400,98839180
645600,96639330
645800,100132860
646000,97942420
646200,99899470
646400,96584010
646600,99182420
646800,97313240
647000,98860340
647200,96458310
647400,100403290
647600,96439720
647800,99026460
648000,96515720
648200,98739220
648400,97861660
648600,99179890
648800,96698330
649000,98940640
649200,96255540
649400,98816030
649600,96490880
649800,98875630
650000,96334920
650200,98740420
650400,96781330
650600,98989610
650800,96170590
651000,98723320
651200,96491610
651400,98860780
651600,101320650
651800,107142230
652000,96592480
652200,98695060
652400,96345440
652600,98593300
652800,97347340
653000,99357110
653200,97717090
653400,100960720
653600,96644250
653800,99525320
654000,96272140
654200,98621650
654400,96566390
654600,98981470
654800,96254610
655000,98841790
655200,96613630
655400,98798580
655600,96271860
655800,99378350
656000,96512770
656200,98700820
656400,96443280
656600,98546160
656800,96736010
657000,98763480
657200,96286180
657400,98530990
657600,96887410
657800,98703480
658000,99215930
658200,98688040
658400,96569960
658600,98865220
658800,96252930
659000,98682880
659200,96600830
659400,98919420
659600,96144470
659800,98619050
660000,98138430
660200,101221610
660400,98265190
660600,98742270
660800,97056890
661000,98719460
661200,98250670
661400,99529710
661600,113117360
661800,99810220
662000,96745260
662200,98996330
662400,97114390
662600,99125200
662800,96710450
663000,99143680
663200,97100780
663400,100404640
663600,96549860
663800,99130220
664000,97292270
664200,99208380
664400,96749930
664600,99000080
664800,97110740
665000,99255180
665200,96907690
665400,99014530
665600,96634750
665800,98978430
666000,96328670
666200,98840850
666400,96505100
666600,98977360
666800,96407180
667000,100271910
667200,97943550
667400,99281560
667600,98740050
667800,98663520
668000,96625250
668200,98778290
668400,96340430
668600,98788590
668800,96647860
669000,99187050
669200,96488450
669400,98846870
669600,96419770
669800,98929320
670000,96264930
670200,98693860
670400,96717590
670600,99037530
670800,96364390
671000,98917520
671200,96662160
671400,98740130
671600,96277920
671800,99713200
672000,100724780
672200,103424170
672400,112748930
672600,99301050
672800,97204640
673000,99167060
673200,96517430
673400,98985750
673600,98964090
673800,99295450
674000,98146870
674200,99249840
674400,98073010
674600,100869400
674800,96265360
675000,98647870
675200,96727440
675400,99001000
675600,97889060
675800,100511100
676000,96745300
676200,98809150
676400,96277560
676600,100287330
676800,96981440
677000,98962440
677200,96272650
677400,98693510
677600,97382490
677800,99867550
678000,96950760
678200,99173310
678400,96746410
678600,99079800
678800,97004440
679000,99667730
679200,98928960
679400,99489550
679600,96698560
679800,100033460
680000,97162760
680200,99212870
680400,98313720
680600,99376930
680800,96882630
681000,99905660
681200,98382290
681400,100984230
681600,99511310
681800,99191540
682000,97382140
682200,99946450
682400,97304280
682600,99239610
682800,96664160
683000,99246570
683200,97047260
683400,99730250
683600,97500770
683800,99244320
684000,97172800
684200,99150340
684400,96686470
684600,101244420
684800,97794600
685000,99143200
685200,97319030
685400,101317560
685600,97060840
685800,99689450
686000,96942810
686200,99104000
686400,97073280
686600,99321710
686800,96737290
687000,99131040
687200,96969760
687400,99278660
687600,96792600
687800,99155870
688000,97028340
688200,100547980
688400,98013440
688600,102558080
688800,102150700
689000,99090890
689200,96855230
689400,99180650
689600,97008530
689800,99294220
690000,97723560
690200,99214440
690400,96976810
690600,100667730
690800,96643260
691000,99289030
691200,96988770
691400,99117420
691600,96930970
691800,99018200
692000,97110950
692200,99077560
692400,96746510
692600,100191120
692800,97456930
693000,99600690
693200,97599660
693400,99211910
693600,97259210
693800,99298910
694000,96597990
694200,99026740
694400,96941020
694600,99243900
694800,96811140
695000,99062880
695200,99477340
695400,100793000
695600,99776440
695800,99126040
696000,96931030
696200,99168760
696400,96706740
696600,99230410
696800,96979400
697000,99126420
697200,96777780
697400,99194380
697600,97000380
697800,99128130
698000,96683170
698200,99148380
698400,97018740
698600,99659100
698800,96780290
699000,99131700
699200,97106940
699400,99985090
699600,96653480
699800,98792820
700000,96473350
700200,98767390
700400,96259750
700600,98633320
700800,96550000
701000,98621770
701200,96140460
701400,98632240
701600,97364040
701800,98811680
702000,96138010
702200,101046380
702400,97847780
702600,99623560
702800,96593140
703000,98967260
703200,96799610
703400,98920610
703600,97393070
703800,99234170
704000,96675390
704200,99140490
704400,96563890
704600,99022500
704800,96777260
705000,99174900
705200,96699350
705400,98894240
705600,96930370
705800,99741820
706000,117383110
706200,98908760
706400,96893490
706600,98993990
706800,97579550
707000,100207440
707200,97098480
707400,99229380
707600,96493840
707800,99064760
708000,96711800
708200,99180470
708400,96683790
708600,99072460
708800,96750400
709000,99775220
709200,98341540
709400,100645160
709600,99795870
709800,99021900
710000,96563790
710200,100496570
710400,96920860
710600,99408900
710800,96634500
711000,98881770
711200,96983630
711400,99178970
711600,96541750
711800,98885180
712000,96902670
712200,99889770
712400,96580510
712600,99197410
712800,99001490
713000,99057120
713200,98017310
713400,99254650
713600,96993580
713800,99364650
714000,97294450
714200,99080840
714400,104353440
714600,99276450
714800,96845420
715000,98939390
715200,96896150
715400,99122830
715600,96583640
715800,98962680
716000,97476530
716200,100645880
716400,97885030
716600,101475770
716800,97557230
717000,99969900
717200,96782140
717400,98993550
717600,97102570
717800,99254890
718000,97127690
718200,99812870
718400,97214160
718600,98934100
718800,96584740
719000,98964160
719200,97588740
719400,99814850
719600,96972410
719800,99005270
720000,96928120
720200,99094200
720400,96614020
720600,99016540
720800,97149500
721000,99225220
721200,96563180
721400,100740810
721600,96868140
721800,99368380
722000,96574160
722200,98828130
722400,97043040
722600,99035500
722800,99671590
723000,110916700
723200,97307390
723400,100100520
723600,98750030
723800,98688050
724000,96379680
724200,98698960
724400,96082140
724600,98800220
724800,96701430
725000,98581890
725200,96491790
725400,98514800
725600,96496470
725800,98548490
726000,96289140
726200,98647020
726400,96583530
726600,99516640
726800,96138670
727000,99585370
727200,96410050
727400,98755640
727600,96137400
727800,99028970
728000,96495370
728200,99002070
728400,96494460
728600,98629220
728800,96576080
729000,98672470
729200,97487660
729400,98590710
729600,96593570
729800,98873870
730000,96704370
730200,99519770
730400,97700950
730600,102521130
730800,96262570
731000,98622060
731200,97375570
731400,98560500
731600,96291760
731800,99276520
732000,96554010
732200,102568620
732400,96246380
732600,98599910
732800,96753810
733000,114790750
733200,102776280
733400,98576200
733600,96567560
733800,98653200
734000,96311710
734200,98831260
734400,96630120
734600,98949120
734800,96493110
735000,98585270
735200,96562470
735400,98505780
735600,96375050
735800,98602120
736000,96680440
736200,98611400
736400,96152520
736600,98621900
736800,96649920
737000,100267790
737200,97701530
737400,99187480
737600,97473610
737800,98734960
738000,96295590
738200,98607040
738400,97110490
738600,100485110
738800,99116690
739000,102275490
739200,99826610
739400,102938260
739600,99848690
739800,102796690
740000,100506540
740200,101992060
740400,100434210
740600,102014650
740800,98450870
741000,105727880
741200,111741660
741400,116436150
741600,117248290
741800,118268160
742000,112572740
742200,115326840
742400,115938870
742600,105441620
742800,112625190
743000,115428280
743200,114567160
743400,116924330
743600,117745280
743800,115209600
744000,107693030
744200,117017990
744400,114526060
744600,116573110
744800,111138930
745000,99807960
745200,97464250
745400,112210840
745600,106343270
745800,113918980
746000,99665380
746200,101574900
746400,97805580
746600,99650760
746800,103382730
747000,112302100
747200,116709560
747400,117194510
747600,116010660
747800,117257340
748000,114004180
748200,115713280
748400,114854850
748600,120210160
748800,118080810
749000,119463580
749200,118391010
749400,105431410
749600,104290570
749800,101461490
750000,99450660
750200,118941310
750400,98536120
750600,106604310
750800,98122040
751000,106091230
751200,98252650
751400,106528640
751600,98095760
751800,100935770
752000,98684490
752200,100648600
752400,98055590
752600,105750430
752800,100639670
753000,100574340
753200,98491230
753400,100273120
753600,98349140
753800,100812560
754000,97957590
754200,100683640
754400,98795670
754600,100674160
754800,98107110
755000,100603230
755200,98533440
755400,100611300
755600,98447720
755800,100781410
756000,98767980
756200,103052530
756400,100859460
756600,105958540
756800,102053360
757000,102953830
757200,98298570
757400,101471090
757600,98583580
757800,100385780
758000,98331900
758200,100367270
758400,102734130
758600,114961960
758800,116828960
759000,117158400
759200,114786620
759400,117714840
759600,115759560
759800,118312510
760000,116240040
760200,117414170
760400,115712080
760600,118179440
760800,116257110
761000,125631190
761200,134898210
761400,143949720
761600,128808310
761800,143328800
762000,145167160
762200,118488550
762400,115682120
762600,121868560
762800,117207360
763000,125098880
763200,114223510
763400,116735830
763600,105622080
763800,99614880
764000,99857970
764200,99546140
764400,97348180
764600,99625590
764800,112190030
765000,103734580
765200,97107110
765400,99587660
765600,97293640
765800,100299890
766000,96895280
766200,99604380
766400,97383970
766600,99566230
766800,97760710
767000,100034250
767200,97086040
767400,99667190
767600,97120730
767800,99757660
768000,97257310
768200,99484570
768400,97085820
768600,99160000
768800,98506390
769000,100587110
769200,98844550
769400,100357610
769600,97245510
769800,99796950
770000,96674620
770200,99213640
770400,97010340
770600,99096960
770800,96726640
771000,99703550
771200,98896620
771400,99335870
771600,96951210
771800,99231250
772000,97222770
772200,99440590
772400,96879160
772600,102207890
772800,97454200
773000,99407900
773200,97993750
773400,99327420
773600,97286930
773800,99438100
774000,97073070
774200,99396000
774400,97377800
774600,99560930
774800,97109430
775000,99286250
775200,98185270
775400,99598150
775600,96863240
775800,99522490
776000,97549040
776200,100448620
776400,98373710
776600,102086980
776800,97289070
777000,99396470
777200,97855710
777400,99360550
777600,97318330
777800,99647430
778000,96938150
778200,99467750
778400,97159180
778600,99447380
778800,96966090
779000,99420190
779200,97192380
779400,100193940
779600,97279850
779800,99404910
780000,97415950
780200,99475260
780400,97219490
780600,99312130
780800,99015140
781000,103180600
781200,105693020
781400,107944570
781600,97128470
781800,99405730
782000,96805390
782200,99413670
782400,97153530
782600,99498680
782800,97044230
783000,100889600
783200,99012880
783400,101269810
783600,96923920
783800,99410800
784000,97141130
784200,99442730
784400,96889660
784600,99497100
784800,97154020
785000,99565940
785200,96941010
785400,99207970
785600,97270660
785800,99492210
786000,96976760
786200,99370490
786400,97802430
786600,99317390
786800,96999340
787000,99405830
787200,97225430
787400,99351860
787600,97315050
787800,99183350
788000,97257510
788200,99559410
788400,97041150
788600,99304080
788800,97308900
789000,99394340
789200,96958340
789400,99467890
789600,97284440
789800,100812860
790000,98327990
790200,99833330
790400,100747800
790600,100760190
790800,97909320
791000,111222580
791200,103041590
791400,99486130
791600,97062480
791800,99358980
792000,97205290
792200,99361750
792400,96926490
792600,99407680
792800,97270370
793000,100265660
793200,97137790
793400,99854900
793600,98369470
793800,99610570
794000,97591550
794200,100187530
794400,97766710
794600,100255330
794800,97792860
795000,99701860
795200,97179510
795400,99519200
795600,96934350
795800,99379540
796000,97307630
796200,99462570
796400,97818330
796600,101797850
796800,98331990
797000,101758170
797200,98450050
797400,100119210
797600,98863960
797800,100430380
798000,96979700
798200,99383780
798400,97245600
798600,99457990
798800,98687330
799000,100231160
799200,97395610
799400,100052140
799600,97970500
799800,99289180
