512,9267488
1024,9403768
1536,9188568
2048,9059464
2560,9059960
3072,9260248
3584,9237528
4096,9557880
4608,17836456
5120,18328824
5632,17430856
6144,17213992
6656,18155632
7168,18067760
7680,17527376
8192,18022944
8704,16925168
9216,16950040
9728,17328200
10240,17805440
10752,17043592
11264,16990936
11776,17210528
12288,17393224
12800,17139208
13312,16950016
13824,17429624
14336,17067864
14848,17053992
15360,19113760
15872,17521272
16384,17223736
16896,17127472
17408,17924528
17920,17381936
18432,16820984
18944,17667184
19456,17442824
19968,18179112
20480,17749352
20992,17142960
21504,17997000
22016,16989776
22528,17326464
23040,17736792
23552,17174544
24064,17652680
24576,17046784
25088,17012000
25600,17218960
26112,16980224
26624,17513632
27136,17185256
27648,17121232
28160,16930480
28672,16998072
29184,17338752
29696,17330160
30208,16891208
30720,16958096
31232,16919208
31744,17050872
32256,17103592
32768,17052040
33280,16997416
33792,18429360
34304,17394128
34816,16952632
35328,17390944
35840,17086016
36352,16919600
36864,18025176
37376,18447376
37888,17337464
38400,17506536
38912,16956064
39424,18345928
39936,17364528
40448,17641672
40960,17209680
41472,17079816
41984,17218984
42496,16931440
43008,16902328
43520,17075800
44032,17520736
44544,17058616
45056,17068528
45568,17058488
46080,17100776
46592,17065736
47104,17104664
47616,17070728
48128,17164128
48640,17080592
49152,17840400
49664,17122696
50176,17253888
50688,17808648
51200,17308248
51712,17461208
52224,17145552
52736,17531160
53248,17399880
53760,17667248
54272,17403736
54784,17047496
55296,17412896
55808,17935632
56320,17319000
56832,17172232
57344,17120912
57856,17217512
58368,17490608
58880,17128848
59392,17617832
59904,17045784
60416,17375640
60928,17094760
61440,17304512
61952,17309424
62464,17198328
62976,17502848
63488,17304208
64000,19676648
64512,18121248
65024,18772328
65536,17299496
66048,17966880
66560,17196200
67072,17317976
67584,16875184
68096,16869344
68608,16892184
69120,16989552
69632,16873848
70144,16918160
70656,16894904
71168,17069640
71680,17383936
72192,16837368
72704,17290456
73216,17077672
73728,16893832
74240,17389312
74752,17277256
75264,17363408
75776,17196000
76288,17075552
76800,17576896
77312,16898960
77824,16903912
78336,16877064
78848,17448248
79360,17244784
79872,17105792
80384,17233200
80896,17153344
81408,17360456
81920,17583304
82432,17228384
82944,17206736
83456,17045184
83968,17013648
84480,16899864
84992,16894312
85504,16918904
86016,16889144
86528,16893280
87040,17114912
87552,17150472
88064,17267144
88576,17495184
89088,16909848
89600,17209320
90112,17113552
90624,17394592
91136,17094992
91648,16922952
92160,17139768
92672,17136272
93184,17118744
93696,17135920
94208,17191488
94720,17130096
95232,17435152
95744,18642704
96256,17422832
96768,17250408
97280,16938376
97792,17533104
98304,17170744
98816,16920696
99328,16934384
99840,17444968
100352,17284728
100864,17663248
101376,17278968
101888,17268088
102400,16981728
102912,16893416
103424,17348456
103936,17744240
104448,17514256
104960,16900032
105472,17214672
105984,17139312
106496,16872896
107008,18414016
107520,21191736
108032,17564944
108544,17363408
109056,18257024
109568,16905512
110080,17480840
110592,17353232
111104,17454760
111616,17447672
112128,16908352
112640,16883848
113152,17517768
113664,16902584
114176,17349488
114688,17395648
115200,17166920
115712,16890688
116224,17207272
116736,17038672
117248,17694512
117760,17171688
118272,17371832
118784,17272472
119296,17378648
119808,17580776
120320,17222704
120832,17138144
121344,17306472
121856,17725792
122368,17526664
122880,16903560
123392,17219904
123904,17404920
124416,17362136
124928,17902584
125440,17357888
125952,17217208
126464,17604568
126976,17035728
127488,17566384
128000,16910536
128512,17253936
129024,17022832
129536,17077896
130048,17333880
130560,17776496
131072,17539272
131584,17373864
132096,17504888
132608,17583600
133120,16961632
133632,17781896
134144,17484520
134656,17119728
135168,17289200
135680,17339512
136192,17032352
136704,17433640
137216,18458504
137728,17166256
138240,17059456
138752,17000632
139264,16996888
139776,17048488
140288,17552960
140800,17413288
141312,17546896
141824,17910144
142336,17572944
142848,17563888
143360,17456688
143872,17166576
144384,18295792
144896,17880696
145408,17352376
145920,17072224
146432,17866984
146944,17082272
147456,18084088
147968,18537888
148480,17789952
148992,18043544
149504,17346376
150016,17314704
150528,17464744
151040,17157184
151552,17174056
152064,17221872
152576,17729160
153088,18674488
153600,18733264
154112,18594128
154624,18271144
155136,19655096
155648,18754072
156160,18724680
156672,19275568
157184,21549624
157696,20071760
158208,21421488
158720,18312768
159232,20145872
159744,21417424
160256,20565176
160768,21081000
161280,21092272
161792,21843176
162304,21758344
162816,22221968
163328,21898016
163840,21140720
164352,19662912
164864,21569792
165376,21614672
165888,21461160
166400,18914392
166912,20253728
167424,21963720
167936,21446208
168448,19297096
168960,20198632
169472,22939416
169984,21903544
170496,20772744
171008,19243368
171520,19084232
172032,17966664
172544,19319128
173056,18242264
173568,18263408
174080,17856280
174592,19723560
175104,20872112
175616,20653632
176128,18955728
176640,19067656
177152,18039936
177664,19191000
178176,19676248
178688,18562376
179200,17370512
179712,17287360
180224,17760200
180736,19345016
181248,18879632
181760,18867088
182272,18622224
182784,19282200
183296,20201256
183808,19448040
184320,20599664
184832,22964080
185344,19740768
185856,21349144
186368,21222232
186880,19006784
187392,17401128
187904,19288592
188416,19739072
188928,20406296
189440,22529576
189952,20794496
190464,21516040
190976,21296248
191488,22946712
192000,21696496
192512,21642472
193024,21018088
193536,23039448
194048,21779464
194560,20746792
195072,19457272
195584,18566112
196096,18673600
196608,19321200
197120,18715752
197632,18459680
198144,18206944
198656,17920136
199168,18189832
199680,18021680
200192,18548176
200704,18796040
201216,18436552
201728,18397624
202240,17895936
202752,18637688
203264,18321656
203776,18010200
204288,17584688
204800,17334640
205312,18324608
205824,18309448
206336,18269792
206848,18690192
207360,18479000
207872,17975096
208384,17612160
208896,18189744
209408,18807688
209920,18159888
210432,17922040
210944,18674880
211456,17309360
211968,18555072
212480,17608952
212992,18103840
213504,18474832
214016,17544152
214528,21352496
215040,18880608
215552,18948456
216064,17597440
216576,18439536
217088,19707824
217600,18570536
218112,17864992
218624,20170376
219136,17971592
219648,17428160
220160,17365144
220672,17890872
221184,20005976
221696,18247536
222208,18595288
222720,18309616
223232,17958048
223744,19102832
224256,17698768
224768,19650480
225280,17514824
225792,19583272
226304,18552400
226816,20965248
227328,18703496
227840,17990744
228352,18882288
228864,17793320
229376,18597704
229888,18958936
230400,19311904
230912,17941200
231424,18546088
231936,18879832
232448,18107864
232960,17406296
233472,18106032
233984,19285240
234496,17943600
235008,18073776
235520,19023736
236032,18602736
236544,18791960
237056,18093456
237568,19181872
238080,18330352
238592,19342208
239104,20918008
239616,18011088
240128,19975080
240640,18660896
241152,18308376
241664,19246408
242176,18035192
242688,18356504
243200,18551656
243712,17347976
244224,19068952
244736,20069904
245248,17408488
245760,19194464
246272,17913312
246784,18603880
247296,18347224
247808,19202744
248320,19012328
248832,18824464
249344,20395432
249856,18865448
250368,19647672
250880,17990144
251392,18476104
251904,18969184
252416,18840464
252928,20407040
253440,18297768
253952,17921416
254464,18268176
254976,19892600
255488,20184616
256000,18723968
256512,20111736
257024,18955504
257536,20041488
258048,18783512
258560,17365568
259072,17386296
259584,17993472
260096,18848256
260608,18002904
261120,19076504
261632,17543560
262144,17452536
262656,18130576
263168,19179544
263680,19449472
264192,18636520
264704,17346704
265216,18910288
265728,17831104
266240,19044176
266752,18470952
267264,18444240
267776,17288928
268288,19867440
268800,18708936
269312,17964496
269824,17500800
270336,18074504
270848,18299960
271360,17423408
271872,19583016
272384,18191664
272896,19838112
273408,17998872
273920,19923448
274432,17294576
274944,19289240
275456,18104296
275968,19151144
276480,17403176
276992,18341008
277504,17361368
278016,18657512
278528,18709928
279040,18302568
279552,20562568
280064,18017264
280576,17539040
281088,18489856
281600,18100976
282112,20204568
282624,19322624
283136,18296080
283648,17367192
284160,18147416
284672,19934864
285184,17750016
285696,19215016
286208,17938328
286720,18483792
287232,19695200
287744,18022800
288256,17801376
288768,18604944
289280,17477480
289792,18373216
290304,18561664
290816,20177416
291328,17378184
291840,17480968
292352,19760192
292864,19335688
293376,18236288
293888,18308880
294400,18434552
294912,17616288
295424,19385096
295936,18654392
296448,19867096
296960,17335728
297472,19909400
297984,18681688
298496,18009664
299008,19587592
299520,17381240
300032,19488856
300544,18557240
301056,17665472
301568,19819536
302080,19299400
302592,17957168
303104,17364032
303616,18561160
304128,20284976
304640,18842688
305152,18670456
305664,19676448
306176,22105464
306688,20846048
307200,21817504
307712,19298072
308224,19304320
308736,18143184
309248,20151464
309760,17358528
310272,17352168
310784,18563632
311296,18325672
311808,18949712
312320,18508600
312832,18081728
313344,17269408
313856,18875664
314368,17748464
314880,18616256
315392,18647952
315904,17468256
316416,17383936
316928,18387400
317440,18942712
317952,17413832
318464,19289880
318976,19564456
319488,20002896
320000,18231072
320512,17695392
321024,18948432
321536,19529792
322048,18570224
322560,18438272
323072,20798312
323584,18925048
324096,18154616
324608,18405792
325120,17893760
325632,18178984
326144,17355456
326656,18833096
327168,19191904
327680,17352944
328192,19944192
328704,18252728
329216,20039424
329728,18731520
330240,18096520
330752,17735416
331264,19463672
331776,19604248
332288,20223080
332800,21124256
333312,17454864
333824,17677840
334336,18794400
334848,20123864
335360,17591504
335872,18153040
336384,17555720
336896,18897960
337408,18786560
337920,18759688
338432,18971032
338944,17385728
339456,17435456
339968,18058008
340480,17903056
340992,18388312
341504,19581088
342016,19440896
342528,19469808
343040,19048968
343552,17726048
344064,18796264
344576,19346816
345088,18364704
345600,18245896
346112,17322136
346624,17567112
347136,18354120
347648,21031160
348160,19294752
348672,22158080
349184,20007072
349696,19443488
350208,18480792
350720,17805368
351232,18319648
351744,17768984
352256,19655360
352768,18492424
353280,17294304
353792,17359608
354304,17295848
354816,18893192
355328,21782040
355840,18917464
356352,18762440
356864,17388248
357376,18903016
357888,17556464
358400,17401496
358912,18487544
359424,18389816
359936,18033824
360448,17676760
360960,17345096
361472,17289400
361984,18754088
362496,19573632
363008,18866904
363520,20721744
364032,20238664
364544,18545064
365056,20868816
365568,20563848
366080,20048432
366592,18055096
367104,18399792
367616,18059432
368128,18477688
368640,18645384
369152,18476224
369664,17449120
370176,18560664
370688,18488408
371200,17301992
371712,18474856
372224,18703360
372736,18864472
373248,17730328
373760,18215528
374272,19265776
374784,18568160
375296,18502240
375808,18399736
376320,18278384
376832,18406928
377344,18593128
377856,19386400
378368,18776440
378880,17456640
379392,18229608
379904,18989096
380416,19416656
380928,17448408
381440,17287680
381952,18902400
382464,17807992
382976,18481768
383488,18642432
384000,17894464
384512,17572600
385024,17345928
385536,17386360
386048,17335792
386560,18256128
387072,17878912
387584,18280776
388096,18460848
388608,17365288
389120,17362864
389632,17514024
390144,17400328
390656,17258640
391168,17275760
391680,18970184
392192,18557896
392704,18407288
393216,18439120
393728,18151648
394240,17976584
394752,19082360
395264,17769936
395776,18415168
396288,19109496
396800,17341424
397312,18908936
397824,17663768
398336,17356544
398848,19287856
399360,18323472
399872,18254168
400384,19040728
400896,17322904
401408,17542840
401920,19155536
402432,18475920
402944,18437008
403456,17759608
403968,17523968
404480,18393696
404992,18402584
405504,18476232
406016,18687840
406528,19236856
407040,19099936
407552,17559448
408064,17309080
408576,18470896
409088,19056408
409600,17432504
410112,17356736
410624,19329064
411136,19380208
411648,18237008
412160,25155288
412672,20162136
413184,18673280
413696,19410464
414208,19130120
414720,18926856
415232,18824736
415744,19581000
416256,18583144
416768,18225848
417280,21484376
417792,20092304
418304,20038592
418816,19396312
419328,18030352
419840,20317120
420352,17330904
420864,18454160
421376,19243592
421888,17967064
422400,17598600
422912,17623488
423424,17312136
423936,17473440
424448,17376424
424960,17426584
425472,17362760
425984,19608936
426496,18440944
427008,19657024
427520,19651592
428032,21388152
428544,20853632
429056,22443504
429568,178305680
430080,18545272
430592,17436592
431104,18734768
431616,19937936
432128,18441440
432640,18505424
433152,18396192
433664,18671424
434176,18983480
434688,20078952
435200,18716200
435712,18235648
436224,20099872
436736,20831800
437248,17573288
437760,17672984
438272,19747688
438784,19198488
439296,19789400
439808,21906640
440320,17656888
440832,17513216
441344,18863880
441856,18030080
442368,17444912
442880,17391984
443392,20086784
443904,19919224
444416,17703256
444928,17460176
445440,18423008
445952,19919976
446464,19302032
446976,18966488
447488,17388360
448000,17534984
448512,19518928
449024,19437160
449536,17790912
450048,18391616
450560,19659776
451072,19063288
451584,18142568
452096,18954224
452608,20168832
453120,17903864
453632,19939536
454144,18701328
454656,19232040
455168,17425008
455680,19861600
456192,20090128
456704,20260600
457216,18735880
457728,18947200
458240,19117720
458752,18339864
459264,18772592
459776,18340472
460288,17404704
460800,18153592
461312,17885360
461824,17442080
462336,17397400
462848,19246096
463360,18880832
463872,20699672
464384,18806008
464896,17731800
465408,19023592
465920,19775280
466432,19367872
466944,18719744
467456,17578536
467968,18206424
468480,19542744
468992,17327352
469504,19668776
470016,17456424
470528,18120496
471040,18295120
471552,17431712
472064,18774184
472576,17695880
473088,20460504
473600,21473416
474112,17575408
474624,17448296
475136,17484712
475648,19700312
476160,20183672
476672,17929032
477184,17319568
477696,18366640
478208,18820208
478720,19816968
479232,19931376
479744,19488832
480256,18769936
480768,19168840
481280,17310944
481792,18688056
482304,18947120
482816,18248376
483328,19184800
483840,20523272
484352,22211336
484864,19718976
485376,19239256
485888,18020360
486400,17422856
486912,18695544
487424,17517688
487936,17457208
488448,19801936
488960,20184936
489472,17814296
489984,17442752
490496,19097720
491008,19319056
491520,18725632
492032,19776008
492544,17284448
493056,18086688
493568,20080400
494080,20784904
494592,18408408
495104,19169056
495616,19137880
496128,17602240
496640,18755088
497152,17488312
497664,19112696
498176,19174352
498688,19096944
499200,17825896
499712,17805424
500224,18699680
500736,18030688
501248,17522176
501760,17359976
502272,17834520
502784,20546296
503296,32488952
503808,25529312
504320,17318856
504832,22257608
505344,20054088
505856,21469096
506368,20097312
506880,19351320
507392,19154160
507904,18673632
508416,19682704
508928,19406728
509440,19807712
509952,21277232
510464,17631872
510976,17429736
511488,19632472
512000,20230080
512512,17595280
513024,18281464
513536,21777456
514048,24933432
514560,19242416
515072,26753312
515584,24515928
516096,22996512
516608,18822536
517120,18219768
517632,19770496
518144,22742200
518656,21285312
519168,20209776
519680,18940544
520192,19851536
520704,20869152
521216,19956624
521728,21189056
522240,21920720
522752,25383736
523264,20213112
523776,20937120
524288,18571400
524800,19525392
525312,17777800
525824,26348768
526336,17641848
526848,19551512
527360,22901272
527872,19328104
528384,19004824
528896,18186184
529408,24562800
529920,22503520
530432,20510024
530944,20839656
531456,20551304
531968,20042656
532480,17647512
532992,20612096
533504,19058304
534016,19030536
534528,19548392
535040,18228168
535552,18899752
536064,21040608
536576,21179928
537088,20891464
537600,20732016
538112,18111960
538624,17796752
539136,18396776
539648,19919872
540160,19675544
540672,21639376
541184,19586704
541696,20781640
542208,27328408
542720,23139096
543232,20060032
543744,23089576
544256,23222952
544768,18742368
545280,21205152
545792,21474712
546304,17362368
546816,19770040
547328,17341664
547840,21401848
548352,22103312
548864,25753328
549376,26536496
549888,20970992
550400,23208448
550912,20777768
551424,18721312
551936,17803272
552448,25370424
552960,22018184
553472,21774248
553984,23484928
554496,22363456
555008,20692976
555520,19315832
556032,21958008
556544,20560288
557056,20608592
557568,19973080
558080,23179800
558592,19265792
559104,20489928
559616,19752624
560128,22706392
560640,23368064
561152,22547400
561664,22644560
562176,23364928
562688,19805304
563200,23768224
563712,22021648
564224,21841664
564736,20937000
565248,20124264
565760,19825128
566272,21364760
566784,20198824
567296,26987016
567808,18350264
568320,19731384
568832,20857512
569344,17537528
569856,17816840
570368,18982680
570880,20060776
571392,17912000
571904,19454824
572416,18101496
572928,19501872
573440,19985712
573952,17366512
574464,21442184
574976,19682648
575488,20483304
576000,17698264
576512,17320080
577024,17816448
577536,21220864
578048,21148616
578560,17506072
579072,17453312
579584,20195696
580096,21351680
580608,19202000
581120,20332680
581632,20395832
582144,19866528
582656,17644832
583168,20621288
583680,19968400
584192,19789320
584704,19838784
585216,19375144
585728,21224920
586240,20658872
586752,18053288
587264,18492360
587776,17609192
588288,17527192
588800,18030288
589312,17879464
589824,20459344
590336,19541144
590848,19428792
591360,24622888
591872,19366992
592384,19949104
592896,24445680
593408,23299104
593920,25628216
594432,24436176
594944,25017760
595456,25319384
595968,27221128
596480,21191024
596992,24600712
597504,17692096
598016,25130336
598528,25342224
599040,25926248
599552,30767232
600064,19382920
600576,22086056
601088,17872464
601600,19631712
602112,22784096
602624,19304648
603136,20400272
603648,30012760
604160,30075384
604672,28164936
605184,23847896
605696,23410664
606208,23331760
606720,23969504
607232,38041968
607744,22714040
608256,32521128
608768,35417408
609280,24256136
609792,22788216
610304,35950928
610816,35253656
611328,47120952
611840,38886952
612352,54289272
612864,40726696
613376,33654200
613888,45112928
614400,36735928
614912,38155456
615424,38504104
615936,33592928
616448,27261648
616960,26870232
617472,28193600
617984,26026640
618496,28668488
619008,27652104
619520,25229680
620032,2586902760
620544,27681008
621056,26923808
621568,25795536
622080,36371632
622592,2667117664
623104,22970272
623616,20918136
624128,25255128
624640,4020136384
625152,24633056
625664,3940217632
626176,28766560
626688,2682914200
627200,1244091400
627712,3958549944
628224,24774272
628736,4017220744
629248,29995440
629760,3950920248
630272,3950781152
630784,28183112
631296,3952445912
631808,27887992
632320,34279248
632832,3950851192
633344,26739800
633856,2668871280
634368,31367832
634880,29309096
635392,1307509904
635904,29053728
636416,4021934744
636928,24420264
637440,3942166808
637952,30820168
638464,1312245096
638976,24378712
639488,33755256
640000,28985264
640512,50039928
641024,8090894360
641536,35034704
642048,1947007904
642560,34917064
643072,32471872
643584,30886824
644096,32779352
644608,31690984
645120,45652160
645632,51961848
646144,38618888
646656,36042848
647168,30185104
647680,33674552
648192,35576728
648704,34556864
649216,25645776
649728,33503352
650240,31385712
650752,24742664
651264,36600624
651776,57188160
652288,41498208
652800,33659192
653312,33488360
653824,41275976
654336,61239144
654848,32316088
655360,31420152
655872,35995536
656384,112899072
656896,28565680
657408,31877688
657920,28379720
658432,29279256
658944,28322480
659456,33585568
659968,26755560
660480,28955848
660992,35264240
661504,113018856
662016,28908008
662528,32645568
663040,76333848
663552,72878176
664064,57703856
664576,39448016
665088,33417744
665600,37792304
666112,37546792
666624,46229296
667136,36971944
667648,43201512
668160,37504752
668672,32943984
669184,41920248
669696,54306616
670208,33756960
670720,35364552
671232,32504328
671744,41347408
672256,36266912
672768,34640200
673280,39239952
673792,35315552
674304,33172808
674816,40649720
675328,31887768
675840,34679568
676352,33538872
676864,31761248
677376,30687304
677888,34689976
678400,33668776
678912,33788312
679424,32968536
679936,35820848
680448,38611968
680960,41275136
681472,30591432
681984,33199808
682496,33439712
683008,34575872
683520,38236688
684032,33115272
684544,34398080
685056,33454200
685568,33446576
686080,32174120
686592,32347096
687104,34739688
687616,34216064
688128,39314536
688640,34025840
689152,39820248
689664,53145408
690176,51409376
690688,40601656
691200,30657824
691712,35766616
692224,30809608
692736,31472008
693248,32958624
693760,32683712
694272,32091016
694784,41291552
695296,34584008
695808,36563640
696320,38037712
696832,31228408
697344,37190584
697856,35372848
698368,37886040
698880,33487856
699392,35853488
699904,36277384
700416,36434080
700928,35661408
701440,39114464
701952,39776136
702464,36397608
702976,39840848
703488,34564312
704000,43659520
704512,49064720
705024,37338928
705536,39879200
706048,32986600
706560,34481992
707072,39117336
707584,38456904
708096,33173800
708608,34085152
709120,33592800
709632,33532856
710144,42409568
710656,37555168
711168,33570704
711680,42632904
712192,47277552
712704,42302656
713216,44645488
713728,40390392
714240,44993016
714752,52562768
715264,41072944
715776,40092256
716288,40249504
716800,49456944
717312,51740848
717824,53004728
718336,63106520
718848,38815352
719360,39711600
719872,38993088
720384,41106936
720896,40276064
721408,50209496
721920,41309680
722432,44278104
722944,51765376
723456,59975256
723968,52963248
724480,52415840
724992,37971800
725504,41195728
726016,37051040
726528,50524248
727040,53437736
727552,40890144
728064,46344304
728576,47672576
729088,69606080
729600,71725544
730112,45401520
730624,45987416
731136,43365336
731648,45270680
732160,46889088
732672,49274600
733184,47976248
733696,48970992
734208,132101416
734720,50496080
735232,54143008
735744,61683232
736256,56071216
736768,66523072
737280,47298856
737792,50781920
738304,52162248
738816,53705680
739328,48673728
739840,47137216
740352,60274512
740864,49063552
741376,50494856
741888,46538552
742400,62580112
742912,74656872
743424,54935200
743936,51912152
744448,51999224
744960,55454144
745472,58085512
745984,60641352
746496,57870216
747008,74842200
747520,56240008
748032,52152680
748544,60548552
749056,52249312
749568,61738672
750080,58578184
750592,57461240
751104,141612744
751616,53882432
752128,67366152
752640,53971792
753152,54971120
753664,60504008
754176,55314976
754688,59368336
755200,54360952
755712,69140616
756224,67012808
756736,79952272
757248,62583568
757760,59341560
758272,57642928
758784,73060320
759296,79105584
759808,146316112
760320,60181416
760832,58273552
761344,62111376
761856,61260424
762368,60469104
762880,67263384
763392,65210088
763904,61737408
764416,65927952
764928,58452912
765440,76197464
765952,76821336
766464,146503792
766976,61273856
767488,65732944
768000,57854944
768512,74498352
769024,104119208
769536,93178544
770048,81076864
770560,92246528
771072,156996384
771584,170419248
772096,179345280
772608,183016424
773120,162496728
773632,127305304
774144,159000120
774656,105324040
775168,90779776
775680,90925840
776192,130748072
776704,127992160
777216,3571772936
777728,4077545952
778240,3999008152
778752,6728874160
779264,1357917696
779776,6756681672
780288,3998541144
780800,4006369520
781312,3922532184
781824,3998118696
782336,6649304096
782848,4012669704
783360,6728270504
783872,3999929216
784384,8013530560
784896,4017196496
785408,145636984
785920,2720693424
786432,2651495664
786944,8009448152
787456,4004901864
787968,8021075336
788480,2725064976
788992,6616492176
789504,4010460024
790016,4086850688
790528,2745254648
791040,1429530904
791552,129297464
792064,142918856
792576,127712432
793088,125899104
793600,110122824
794112,151095880
794624,108812520
795136,125730760
795648,127521032
796160,136168272
796672,156208632
797184,128895040
797696,149391160
798208,114652496
798720,164510328
799232,145451616
799744,133154328
800256,90452688
800768,131026040
801280,135101544
801792,146921976
802304,129126864
802816,144686296
803328,147338248
803840,151435608
804352,94651760
804864,128181456
805376,125731552
805888,104027416
806400,103061448
806912,108716048
807424,106901496
807936,104222128
808448,94626344
808960,87661664
809472,130714952
809984,103165784
810496,97302792
811008,120528856
811520,98645264
812032,110056344
812544,130526024
813056,110870072
813568,133727856
814080,109067648
814592,134530520
815104,133354216
815616,120837000
816128,108872768
816640,123616664
817152,107488520
817664,146749784
818176,109253816
818688,107369384
819200,115578272
819712,103164288
820224,120099472
820736,110057016
821248,102652208
821760,124526320
822272,115069640
822784,100358664
823296,114728368
823808,113686840
824320,103030784
824832,105596776
825344,130560328
825856,137783760
826368,133718248
826880,135098840
827392,146133696
827904,125414312
828416,106813688
828928,122401552
829440,140126792
829952,184193968
830464,121445168
830976,111105632
831488,143956800
832000,131071552
832512,99333080
833024,152405000
833536,201961864
834048,121842184
834560,124058496
835072,149447360
835584,102718368
836096,129126320
836608,131496144
837120,156194864
837632,144537968
838144,136587928
838656,122192936
839168,121417448
839680,109489384
840192,117404192
840704,127355272
841216,111114712
841728,125107072
842240,133428696
842752,113656872
843264,128876032
843776,113337088
844288,128630632
844800,136215400
845312,124063528
845824,134317040
846336,125326944
846848,131484832
847360,142820328
847872,131019288
848384,157549192
848896,140575824
849408,123015800
849920,118891752
850432,134253512
850944,134787328
851456,132237568
851968,121056440
852480,119308432
852992,127534392
853504,134975224
854016,131942544
854528,140934824
855040,137022280
855552,138447064
856064,127547136
856576,112727096
857088,4114014608
857600,6665659720
858112,8039232320
858624,6754765672
859136,2690720120
859648,1401558056
860160,8037667680
860672,8052907856
861184,8043201872
861696,7951443000
862208,6763929992
862720,7954801424
863232,7947883312
863744,1884344840
864256,126813984
864768,148877464
865280,126531520
865792,131909048
866304,136001848
866816,120604824
867328,127154312
867840,119279720
868352,118763984
868864,132555160
869376,135036800
869888,134098856
870400,143351200
870912,131872440
871424,142115344
871936,129659680
872448,138020464
872960,128719776
873472,128849488
873984,205674856
874496,124799008
875008,124740736
875520,131206472
876032,131422944
876544,128002680
877056,128365792
877568,125370984
878080,126119816
878592,128588504
879104,131441360
879616,133527240
880128,131952640
880640,131525256
881152,134618472
881664,132395560
882176,128464968
882688,131167312
883200,136214056
883712,133470656
884224,134413624
884736,138766344
885248,145350560
885760,136235224
886272,130278480
886784,137964192
887296,139069968
887808,134791664
888320,131803336
888832,173022864
889344,146541960
889856,134541952
890368,134686944
890880,146362984
891392,137257632
891904,141080584
892416,219474744
892928,136441136
893440,132655648
893952,126827560
894464,133729416
894976,129081416
895488,127537256
896000,138281776
896512,130437032
897024,132244960
897536,132558976
898048,135954024
898560,132090944
899072,132787800
899584,134783816
900096,140773040
900608,135365784
901120,140825944
901632,138154752
902144,133644328
902656,135180896
903168,137602672
903680,135913824
904192,133163696
904704,145341032
905216,137633952
905728,135204512
906240,138606360
906752,223394464
907264,156193600
907776,150639200
908288,142966048
908800,207719336
909312,145112184
909824,117763896
910336,135298224
910848,138634624
911360,152658208
911872,153810144
912384,144986552
912896,172422840
913408,181960760
913920,182417928
914432,249552672
914944,151216984
915456,135099120
915968,145969592
916480,141144024
916992,139369880
917504,145634128
918016,143492848
918528,150753368
919040,142122888
919552,141658552
920064,143323048
920576,147188424
921088,144622352
921600,148054864
922112,6692919832
922624,6623213008
923136,7999100440
923648,6649319384
924160,7978083256
924672,2704323072
925184,5461297992
925696,6784582040
926208,4053914800
926720,4061112192
927232,8050612200
927744,8050537800
928256,6693147008
928768,6713398240
929280,6693585520
929792,7974046784
930304,8058621384
930816,1997960960
931328,152500224
931840,151926968
932352,150762560
932864,140466024
933376,144848264
933888,151088352
934400,151976120
934912,158153376
935424,143886936
935936,145545240
936448,148511448
936960,145169240
937472,158494064
937984,163083824
938496,148575976
939008,151083456
939520,151479064
940032,141947480
940544,142267728
941056,148934584
941568,146462824
942080,153197008
942592,152083840
943104,156862776
943616,148829656
944128,161179368
944640,150556384
945152,163992392
945664,145939576
946176,159191400
946688,146449728
947200,148902920
947712,149098272
948224,150837800
948736,188139984
949248,199276360
949760,169473792
950272,162958264
950784,151504360
951296,148510312
951808,143309792
952320,142253840
952832,143394960
953344,146179720
953856,151188592
954368,143137056
954880,153040896
955392,150916584
955904,145565176
956416,150443544
956928,163768168
957440,148516376
957952,150252832
958464,155008992
958976,150097112
959488,159796400
960000,156872848
960512,157786424
961024,153708896
961536,152585192
962048,162980280
962560,158505136
963072,176455944
963584,157356552
964096,156019800
964608,154003120
965120,153560160
965632,143452256
966144,141885344
966656,150010688
967168,162688112
967680,152988136
968192,166541136
968704,154697056
969216,157337832
969728,168068680
970240,241482008
970752,151831616
971264,154479312
971776,150574040
972288,151786200
972800,153652632
973312,154113016
973824,153844688
974336,155094712
974848,153716624
975360,158014448
975872,158858608
976384,156686432
976896,152352528
977408,153518912
977920,153221560
978432,153734944
978944,159569120
979456,155404864
979968,176603640
980480,159122872
980992,118723472
981504,122089664
982016,135599448
982528,140709688
983040,119609976
983552,172610744
984064,2799271992
984576,8057172568
985088,8072736880
985600,10703534912
986112,5380547688
986624,5336422360
987136,8060217768
987648,6729443488
988160,6710432672
988672,6785713064
989184,8145677832
989696,5912371344
990208,155705224
990720,160642760
991232,163353376
991744,161802040
992256,161868872
992768,163141600
993280,177751504
993792,177454992
994304,176971664
994816,174919024
995328,166223128
995840,178558984
996352,158420568
996864,165614032
997376,143031456
997888,150243048
998400,163654328
998912,158085088
999424,167432144
999936,171359944
1000448,170406120
1000960,164320560
1001472,183297112
1001984,156083792
1002496,165317536
1003008,180669600
1003520,177061664
1004032,180763688
1004544,164390192
1005056,232482416
1005568,177654752
1006080,157691840
1006592,173909104
1007104,152347816
1007616,163770440
1008128,174883512
1008640,168141416
1009152,155718752
1009664,160626768
1010176,167769864
1010688,161245400
1011200,159513616
1011712,247559936
1012224,169686488
1012736,179334088
1013248,171647176
1013760,166659080
1014272,163513920
1014784,167382784
1015296,170090808
1015808,165394432
1016320,186572544
1016832,170131656
1017344,172679080
1017856,167795712
1018368,159359040
1018880,164679096
1019392,165556368
1019904,164673496
1020416,163724784
1020928,166936848
1021440,169312032
1021952,190835328
1022464,170513104
1022976,174899744
1023488,168825568
1024000,156793488
1024512,162227656
1025024,163847208
1025536,162616024
1026048,168740352
1026560,165348672
1027072,171465264
1027584,174259752
1028096,168458600
1028608,170441944
1029120,164587384
1029632,167208192
1030144,172518784
1030656,173612120
1031168,168542640
1031680,175070312
1032192,151122232
1032704,158056320
1033216,144046184
1033728,137159760
1034240,243906280
1034752,155317696
1035264,165424232
1035776,173944296
1036288,170848928
1036800,185864776
1037312,188042512
1037824,177476104
1038336,201301384
1038848,170701776
1039360,4155521032
1039872,8065307144
1040384,5348136672
1040896,5381221328
1041408,5358631568
1041920,8067062384
1042432,5351975656
1042944,6715111512
1043456,6632206928
1043968,11903332176
1044480,5380447392
1044992,12076684104
1045504,8069405320
1046016,10646318128
1046528,6789732824
1047040,6635593752
1047552,8083706624
1048064,3199064440
1048576,168374992
1049088,187231864
1049600,164874176
1050112,168787272
1050624,170451136
1051136,171664896
1051648,195218184
1052160,202617680
1052672,199623920
1053184,203416120
1053696,191628736
1054208,181956336
1054720,186869368
1055232,167367656
1055744,172879464
1056256,180485864
1056768,162270352
1057280,183948464
1057792,167382920
1058304,169203608
1058816,167475656
1059328,175513632
1059840,170684344
1060352,172024952
1060864,168294488
1061376,169286656
1061888,166849472
1062400,165675952
1062912,170123216
1063424,242876264
1063936,167206512
1064448,167691616
1064960,164316768
1065472,167981568
1065984,166629280
1066496,169295200
1067008,164361192
1067520,160345736
1068032,161362032
1068544,165635856
1069056,161557008
1069568,167125544
1070080,163131064
1070592,161335816
1071104,159709816
1071616,246171872
1072128,162317952
1072640,163741912
1073152,171825744
1073664,163774184
1074176,170375832
1074688,247277040
1075200,168640152
1075712,171746080
1076224,165952672
1076736,174950232
1077248,160247664
1077760,189799864
1078272,166735248
1078784,176738824
1079296,171170288
1079808,165421528
1080320,162443912
1080832,170562632
1081344,160776000
1081856,162609800
1082368,158374224
1082880,161519432
1083392,161643008
1083904,182422072
1084416,168842952
1084928,167328664
1085440,177544184
1085952,182005144
1086464,171930456
1086976,176548840
1087488,175308120
1088000,161645512
1088512,165498648
1089024,168670568
1089536,158698912
1090048,164020872
1090560,160292656
1091072,173914432
1091584,166681024
1092096,167451624
1092608,168017896
1093120,186537536
1093632,193966960
1094144,173718576
1094656,169289624
1095168,244862992
1095680,176171424
1096192,6625648656
1096704,7993315760
1097216,6715586880
1097728,6662778336
1098240,8155492872
1098752,6735434304
1099264,6649835336
1099776,6715865256
1100288,6715050736
1100800,8172564120
1101312,2409727616
1101824,177135680
1102336,177284248
1102848,172465384
1103360,175104136
1103872,159078800
1104384,252603464
1104896,166146328
1105408,169414872
1105920,179087400
1106432,170310376
1106944,181117248
1107456,174244184
1107968,175859600
1108480,168806856
1108992,160027832
1109504,185770544
1110016,171423944
1110528,174925672
1111040,165923424
1111552,169474952
1112064,173680320
1112576,174221120
1113088,177969200
1113600,250061056
1114112,177298552
1114624,172500888
1115136,180205720
1115648,177920248
1116160,177662184
1116672,170866440
1117184,170397528
1117696,170019328
1118208,180716240
1118720,167157664
1119232,172318528
1119744,167201376
1120256,173890920
1120768,168614336
1121280,178434384
1121792,174484560
1122304,173958768
1122816,164907080
1123328,176591496
1123840,174119240
1124352,174099752
1124864,172278864
1125376,168313912
1125888,174155336
1126400,175283272
1126912,171296832
1127424,173553088
1127936,168759984
1128448,171861664
1128960,168219832
1129472,171641744
1129984,172364816
1130496,170045696
1131008,162488112
1131520,172049560
1132032,167948336
1132544,170925608
1133056,166822528
1133568,177802456
1134080,172547528
1134592,168729288
1135104,181208408
1135616,176710000
1136128,177050792
1136640,166234264
1137152,169695568
1137664,171078192
1138176,173737920
1138688,169719952
1139200,167032240
1139712,183568784
1140224,193831600
1140736,263711704
1141248,195225080
1141760,181310552
1142272,172313912
1142784,184166456
1143296,185162240
1143808,203235704
1144320,170153816
1144832,202343240
1145344,216761560
1145856,194668880
1146368,193228464
1146880,184964912
1147392,196925416
1147904,4129197920
1148416,12118974952
1148928,7998431360
1149440,11911407016
1149952,7999509808
1150464,6725638560
1150976,6627224968
1151488,5361274248
1152000,6719413736
1152512,6718043208
1153024,5294163352
1153536,7995054912
1154048,5365118048
1154560,7997681256
1155072,6644347624
1155584,6823607400
1156096,1056114864
1156608,186403064
1157120,186698920
1157632,344886312
1158144,200579544
1158656,185746672
1159168,182925272
1159680,197030528
1160192,192029528
1160704,172622672
1161216,180015560
1161728,174392616
1162240,178272088
1162752,182545400
1163264,177341528
1163776,185421424
1164288,176240208
1164800,174612704
1165312,172334080
1165824,174044824
1166336,169468480
1166848,190394464
1167360,206841168
1167872,181781920
1168384,180796848
1168896,176859072
1169408,168831416
1169920,161581168
1170432,180435432
1170944,178751824
1171456,185189728
1171968,178470808
1172480,176370768
1172992,174978896
1173504,174884840
1174016,173047480
1174528,181152224
1175040,179763504
1175552,167025904
1176064,183049600
1176576,179471368
1177088,176866312
1177600,176017520
1178112,197039776
1178624,177508848
1179136,176923224
1179648,277873488
1180160,189840632
1180672,175139480
1181184,174491976
1181696,186024968
1182208,181221368
1182720,169944664
1183232,170681272
1183744,172841744
1184256,164955816
1184768,173243888
1185280,168253584
1185792,166585520
1186304,247416752
1186816,177547160
1187328,175378272
1187840,174712656
1188352,178801960
1188864,179267792
1189376,175439752
1189888,174573384
1190400,182207360
1190912,176147000
1191424,173081392
1191936,168554336
1192448,170981992
1192960,161534536
1193472,174755616
1193984,168003200
1194496,171727920
1195008,169740608
1195520,166600808
1196032,170327552
1196544,177169360
1197056,167025368
1197568,171346376
1198080,167006504
1198592,195330360
1199104,170044368
1199616,171996648
1200128,177301128
1200640,194902744
1201152,190809376
1201664,9286973816
1202176,7989518648
1202688,10718410488
1203200,8087325912
1203712,5367353120
1204224,12002202488
1204736,6724707280
1205248,9194618760
1205760,2801322152
1206272,9130866976
1206784,4963840392
1207296,169261520
1207808,170560992
1208320,171033224
1208832,175806168
1209344,168529464
1209856,187286264
1210368,171004344
1210880,173985240
1211392,167350272
1211904,179588976
1212416,259303072
1212928,184630896
1213440,201434960
1213952,179974216
1214464,188500576
1214976,170692360
1215488,189257392
1216000,182127096
1216512,167881464
1217024,169047600
1217536,176494600
1218048,172915304
1218560,175319864
1219072,174224728
1219584,172417440
1220096,169418480
1220608,168057360
1221120,159258160
1221632,183459304
1222144,173742088
1222656,164987864
1223168,180024696
1223680,183034136
1224192,166104224
1224704,177668808
1225216,185230176
1225728,183879032
1226240,181629008
1226752,177656440
1227264,254747400
1227776,168009616
1228288,176042344
1228800,170510256
1229312,172991776
1229824,177748360
1230336,176570704
1230848,176694176
1231360,177033080
1231872,246173992
1232384,174792736
1232896,172807456
1233408,172998096
1233920,168129040
1234432,187745160
1234944,169042952
1235456,177570184
1235968,166712248
1236480,171462472
1236992,174175432
1237504,168592288
1238016,182259616
1238528,183101184
1239040,165905800
1239552,172478760
1240064,175854168
1240576,176876960
1241088,177466472
1241600,172145848
1242112,182222192
1242624,170518896
1243136,169471384
1243648,165162856
1244160,184396040
1244672,254763776
1245184,169649384
1245696,183734800
1246208,194223520
1246720,193076464
1247232,185713960
1247744,176588872
1248256,172096696
1248768,171397960
1249280,167111248
1249792,170946952
1250304,175638744
1250816,172279464
1251328,178080472
1251840,176204376
1252352,173055880
1252864,174100656
1253376,5445119560
1253888,6720793928
1254400,7999561536
1254912,8038241632
1255424,8081554472
1255936,8017406016
1256448,7928574024
1256960,5383138016
1257472,7993894200
1257984,6724029304
1258496,7998581360
1259008,9275522288
1259520,8087667312
1260032,8082593336
1260544,6732466008
1261056,4484387720
1261568,171130472
1262080,173421160
1262592,179811600
1263104,168273400
1263616,180760416
1264128,176993904
1264640,178971280
1265152,177014856
1265664,171353152
1266176,172658320
1266688,259800728
1267200,253125528
1267712,175558888
1268224,175592496
1268736,174286968
1269248,174457840
1269760,172418792
1270272,174973008
1270784,178334808
1271296,177599200
1271808,178295696
1272320,173284208
1272832,173241864
1273344,175100120
1273856,172242544
1274368,180235016
1274880,177908064
1275392,177575784
1275904,166666880
1276416,181643544
1276928,177207232
1277440,169703592
1277952,176238920
1278464,181985848
1278976,253922768
1279488,175060192
1280000,167940016
1280512,172456264
1281024,180477376
1281536,190959320
1282048,180463040
1282560,176426848
1283072,181305784
1283584,180953872
1284096,174890352
1284608,182481136
1285120,176665880
1285632,171222792
1286144,178662784
1286656,169377312
1287168,173219736
1287680,166993600
1288192,180979480
1288704,169998856
1289216,170613632
1289728,180552888
1290240,182085824
1290752,177004528
1291264,170950328
1291776,183553568
1292288,170125488
1292800,176755816
1293312,178496480
1293824,254120408
1294336,168945896
1294848,174868088
1295360,177544184
1295872,180147792
1296384,179524408
1296896,180288488
1297408,181865480
1297920,170452072
1298432,179102128
1298944,184502872
1299456,176939832
1299968,170752896
1300480,180350800
1300992,175163384
1301504,184360488
1302016,171672128
1302528,175048120
1303040,192561008
1303552,181519376
1304064,179481936
1304576,177671048
1305088,174448312
1305600,173201728
1306112,172106336
1306624,170218936
1307136,9434695096
1307648,8081040088
1308160,10653123480
1308672,8100108120
1309184,5451783136
1309696,9353770128
1310208,8079437848
1310720,11998217008
1311232,8163881624
1311744,4408024384
1312256,173824352
1312768,168218344
1313280,181998376
1313792,173764304
1314304,248261408
1314816,178125120
1315328,183954448
1315840,175804136
1316352,170330936
1316864,172547816
1317376,169032032
1317888,170954232
1318400,171105720
1318912,170299712
1319424,170334856
1319936,181412160
1320448,195017296
1320960,189345520
1321472,198354600
1321984,192010688
1322496,202259032
1323008,186811296
1323520,212887704
1324032,185918816
1324544,199108248
1325056,208321808
1325568,201409832
1326080,187240312
1326592,222133496
1327104,193330080
1327616,186171056
1328128,198659248
1328640,193406456
1329152,193318880
1329664,197968104
1330176,199323016
1330688,191166768
1331200,199618376
1331712,187195048
1332224,195788752
1332736,199666312
1333248,207665656
1333760,278415640
1334272,193230432
1334784,199473056
1335296,194127016
1335808,197567088
1336320,193879936
1336832,194157752
1337344,197081000
1337856,283601728
1338368,195921376
1338880,265904760
1339392,199620208
1339904,196936368
1340416,199145584
1340928,206049640
1341440,191225512
1341952,190214280
1342464,193245600
1342976,291572384
1343488,217659680
1344000,215068416
1344512,193141752
1345024,220530704
1345536,219894920
1346048,211857528
1346560,205507408
1347072,203006920
1347584,195504632
1348096,224149640
1348608,213751896
1349120,225732064
1349632,187294584
1350144,199909904
1350656,217005776
1351168,213947120
1351680,204348272
1352192,205556216
1352704,202465720
1353216,207214712
1353728,8177028152
1354240,10642466312
1354752,8010856552
1355264,8081692592
1355776,6801269712
1356288,5370193376
1356800,9285080816
1357312,5364719832
1357824,4169549672
1358336,9457106512
1358848,6657178512
1359360,8016271688
1359872,10714044488
1360384,6733104056
1360896,8002367704
1361408,6806039936
1361920,177884400
1362432,174125952
1362944,187582488
1363456,178527840
1363968,179080328
1364480,172901136
1364992,177552296
1365504,175297384
1366016,179427152
1366528,176859296
1367040,182208560
1367552,176342632
1368064,175201000
1368576,178472368
1369088,172154024
1369600,176356440
1370112,180058304
1370624,180201392
1371136,178523280
1371648,173481824
1372160,202059840
1372672,264997968
1373184,170370376
1373696,178071768
1374208,178772280
1374720,177716440
1375232,176931304
1375744,176589840
1376256,181683728
1376768,176809384
1377280,179341008
1377792,172788296
1378304,174671912
1378816,178605056
1379328,174358816
1379840,182687656
1380352,180723208
1380864,168539184
1381376,176374984
1381888,176950272
1382400,178064344
1382912,178567600
1383424,172571120
1383936,181597600
1384448,179345296
1384960,174863336
1385472,175889176
1385984,171938368
1386496,175793032
1387008,179858120
1387520,172145440
1388032,176633520
1388544,182604368
1389056,196091688
1389568,186541616
1390080,178212152
1390592,167623704
1391104,167705704
1391616,174523248
1392128,178409080
1392640,256560184
1393152,173829096
1393664,175637808
1394176,171641608
1394688,176060560
1395200,178415880
1395712,173337544
1396224,172460264
1396736,176859104
1397248,174638336
1397760,181417120
1398272,177537056
1398784,176358160
1399296,181628840
1399808,172097864
1400320,173961168
1400832,169114448
1401344,171114552
1401856,184353680
1402368,173953136
1402880,177970064
1403392,174318800
1403904,173581344
1404416,182521880
1404928,182064496
1405440,177575040
1405952,179244192
1406464,171978152
1406976,5451912192
1407488,10715245680
1408000,8023161416
1408512,4026356120
1409024,11923760976
1409536,8075334472
1410048,8082205464
1410560,11910466840
1411072,8088609784
1411584,2336545344
1412096,174047176
1412608,177328936
1413120,183442336
1413632,184438456
1414144,180075016
1414656,181376960
1415168,200538944
1415680,177812008
1416192,172372400
1416704,179203512
1417216,186606384
1417728,177846152
1418240,178016528
1418752,179035624
1419264,175615096
1419776,177043696
1420288,177465664
1420800,180957072
1421312,176589944
1421824,177212176
1422336,181310080
1422848,182745856
1423360,182284096
1423872,176530464
1424384,261078184
1424896,179744800
1425408,173588120
1425920,181615368
1426432,187102848
1426944,180685248
1427456,176994480
1427968,180721232
1428480,180944752
1428992,180736408
1429504,182957832
1430016,174497840
1430528,173823152
1431040,171038056
1431552,177828992
1432064,177539744
1432576,195205864
1433088,183325448
1433600,179828984
1434112,173132440
1434624,182469064
1435136,182807040
1435648,179830264
1436160,178709248
1436672,177862976
1437184,176685416
1437696,178859800
1438208,177513648
1438720,177333656
1439232,173765144
1439744,173011584
1440256,179179040
1440768,178869312
1441280,196388688
1441792,187587616
1442304,194754624
1442816,194143752
1443328,206336096
1443840,192728880
1444352,174874160
1444864,189956176
1445376,203735632
1445888,225879072
1446400,189682160
1446912,201280432
1447424,185057136
1447936,191800776
1448448,187817080
1448960,193069648
1449472,186568328
1449984,183572272
1450496,177819184
1451008,183119560
1451520,205558784
1452032,185654056
1452544,195231624
1453056,189567984
1453568,184500144
1454080,212657384
1454592,203706920
1455104,189466872
1455616,8095308384
1456128,8083970856
1456640,8102450872
1457152,9360202840
1457664,6646929960
1458176,6724809768
1458688,11989749712
1459200,8086084008
1459712,6732183256
1460224,8078479984
1460736,4014766536
1461248,5294919752
1461760,11986347048
1462272,5371444536
1462784,7147678432
1463296,195569248
1463808,188754408
1464320,199142032
1464832,212051672
1465344,213071192
1465856,192418752
1466368,192569200
1466880,188605568
1467392,194189064
1467904,211239760
1468416,190140424
1468928,285081360
1469440,191076608
1469952,198019704
1470464,190096920
1470976,194307312
1471488,198409200
1472000,190253560
1472512,188268328
1473024,277580880
1473536,191437544
1474048,202395960
1474560,191214976
1475072,187202440
1475584,197206568
1476096,188393800
1476608,195431056
1477120,191823872
1477632,180056448
1478144,193027392
1478656,179144328
1479168,193029568
1479680,176440944
1480192,186535560
1480704,185275048
1481216,189847608
1481728,188300936
1482240,186630208
1482752,176945952
1483264,182120832
1483776,186176488
1484288,185185512
1484800,180380016
1485312,181884968
1485824,181161824
1486336,178183232
1486848,181690408
1487360,190642384
1487872,196126296
1488384,178874272
1488896,183139680
1489408,181254560
1489920,175320432
1490432,184060616
1490944,174324472
1491456,177011224
1491968,179336144
1492480,173977408
1492992,181974720
1493504,182427584
1494016,180215072
1494528,176373792
1495040,179095680
1495552,184648240
1496064,183436208
1496576,175722064
1497088,174518200
1497600,175849216
1498112,174609456
1498624,180239112
1499136,180623264
1499648,188400216
1500160,184626560
1500672,172018984
1501184,181124200
1501696,182166992
1502208,187857704
1502720,177204328
1503232,176097912
1503744,185662112
1504256,188769192
1504768,191222440
1505280,190629192
1505792,196662176
1506304,188094616
1506816,264062208
1507328,193710216
1507840,208828344
1508352,213307008
1508864,203877208
1509376,194217032
1509888,180790264
1510400,189285960
1510912,187001472
1511424,178906920
1511936,172523784
1512448,178372976
1512960,180340288
1513472,178151272
1513984,173331984
1514496,182098576
1515008,180900624
1515520,247143448
1516032,173693680
1516544,170451632
1517056,173179680
1517568,177398160
1518080,175830344
1518592,180356512
1519104,182548744
1519616,180087232
1520128,175374616
1520640,181863024
1521152,172877952
1521664,177961408
1522176,175393592
1522688,177431056
1523200,176810256
1523712,176966104
1524224,175717824
1524736,179405384
1525248,178698376
1525760,256543392
1526272,180033912
1526784,175933952
1527296,183531880
1527808,178626568
1528320,185559584
1528832,175733272
1529344,178953640
1529856,185322112
1530368,183916848
1530880,200084584
1531392,194520864
1531904,192395040
1532416,197665872
1532928,189856056
1533440,195687504
1533952,195872424
1534464,186309440
1534976,187296576
1535488,208858248
