128,9029336
256,9001608
384,9025464
512,9025832
640,9015768
768,9014488
896,9018296
1024,3920095864
1152,9243136
1280,9287840
1408,9361168
1536,9190032
1664,9171352
1792,9000112
1920,9113992
2048,3920047928
2176,9064968
2304,9142360
2432,9032456
2560,9081432
2688,9021824
2816,9075512
2944,9016952
3072,9035200
3200,3919796944
3328,9072632
3456,9024400
3584,9092208
3712,9159008
3840,9000200
3968,9134592
4096,9029728
4224,3933343608
4352,14944352
4480,15560240
4608,16790288
4736,16654832
4864,2650528888
4992,16943424
5120,16971288
5248,16743208
5376,4010985672
5504,17906504
5632,17214312
5760,17259024
5888,16742808
6016,3927676592
6144,16809168
6272,16729840
6400,17236936
6528,17621832
6656,3928444816
6784,16995760
6912,16752992
7040,16888616
7168,4008094616
7296,16681728
7424,16922216
7552,16681840
7680,16748264
7808,3927840464
7936,17045816
8064,16834472
8192,16658248
8320,3927140656
8448,18978960
8576,18185144
8704,18490928
8832,18658312
8960,3929920440
9088,19198408
9216,16901120
9344,20474232
9472,2651980016
9600,16861032
9728,16778400
9856,17005296
9984,3928139752
10112,17170056
10240,17160000
10368,17028264
10496,16851424
10624,3928223912
10752,16955544
10880,17255624
11008,17156304
11136,17214552
11264,3928483752
11392,16902000
11520,16950328
11648,17015784
11776,4007699800
11904,17138392
12032,17201184
12160,17276176
12288,16993256
12416,4016857200
12544,17432328
12672,17121096
12800,16910696
12928,3928840360
13056,17511936
13184,16974992
13312,17099808
13440,17033472
13568,1055745840
13696,18567360
13824,18741016
13952,17380832
14080,17239696
14208,18574608
14336,17563720
14464,17185248
14592,17287144
14720,17462744
14848,17607736
14976,17209808
15104,17174128
15232,16950440
15360,17534224
15488,17195648
15616,17478744
15744,17143296
15872,17260544
16000,17117608
16128,16933128
16256,16864008
16384,16940536
16512,16945920
16640,16843672
16768,16871744
16896,16956272
17024,16888792
17152,17606080
17280,17852040
17408,17627408
17536,17654304
17664,17437288
17792,17712560
17920,17558936
18048,18101424
18176,17587296
18304,17605800
18432,17392752
18560,16875320
18688,19022072
18816,18491320
18944,20520488
19072,19018032
19200,22290856
19328,19720904
19456,19534056
19584,17565736
19712,17207664
19840,19281344
19968,16963456
20096,21261768
20224,17093296
20352,17765240
20480,17059784
20608,16808168
20736,17430568
20864,17181160
20992,17481304
21120,19749320
21248,19752736
21376,17657688
21504,20773584
21632,18873008
21760,16859088
21888,20538216
22016,19362176
22144,17564728
22272,17637848
22400,17015728
22528,16897840
22656,16918856
22784,17040520
22912,17148488
23040,16987608
23168,16924608
23296,16836816
23424,16943600
23552,16888768
23680,17370816
23808,16650064
23936,17619984
24064,18118152
24192,17498944
24320,16900648
24448,16743936
24576,17237648
24704,17010432
24832,17223480
24960,17159104
25088,17242680
25216,17038392
25344,18324896
25472,18242424
25600,17939072
25728,20134344
25856,20792992
25984,18499344
26112,19377640
26240,18648024
26368,101734152
26496,16937512
26624,16912384
26752,16853456
26880,16884952
27008,18454680
27136,19780120
27264,17657864
27392,18076464
27520,17758768
27648,21221400
27776,20239232
27904,19223096
28032,23161752
28160,20175784
28288,19117680
28416,20904840
28544,17780312
28672,18108344
28800,18252360
28928,97300312
29056,17657632
29184,17212048
29312,17097160
29440,17018000
29568,16903296
29696,17224304
29824,17020000
29952,17419384
30080,16980472
30208,17149448
30336,18242760
30464,18769000
30592,17406784
30720,17243320
30848,18974064
30976,17873168
31104,17883432
31232,17224912
31360,18314352
31488,17367616
31616,17037992
31744,17161144
31872,17208192
32000,17348232
32128,17056144
32256,16964680
32384,17167392
32512,17201360
32640,17736328
32768,17151080
32896,17119096
33024,18249976
33152,18602272
33280,17710088
33408,16901048
33536,16910968
33664,17781208
33792,18507024
33920,17297568
34048,17071720
34176,17163440
34304,17032520
34432,17503152
34560,17142384
34688,17061328
34816,18090160
34944,17730968
35072,17208784
35200,16922432
35328,17226920
35456,17727672
35584,17200344
35712,20844480
35840,18181152
35968,17278888
36096,19117136
36224,18070784
36352,17820152
36480,17400928
36608,17390448
36736,17112048
36864,16899328
36992,17177688
37120,17192792
37248,17360952
37376,17656488
37504,17427376
37632,16946376
37760,16969800
37888,16992432
38016,17247048
38144,17696072
38272,17375528
38400,16842760
38528,16894288
38656,17034032
38784,17140448
38912,16990864
39040,17021592
39168,16945976
39296,17081864
39424,18116104
39552,17075608
39680,17016392
39808,16849112
39936,16980560
40064,17001752
40192,16924936
40320,16899960
40448,16827832
40576,16998672
40704,16851192
40832,17154728
40960,17056104
41088,17127160
41216,17177720
41344,17021624
41472,16987168
41600,17015112
41728,16882680
41856,16978760
41984,17085392
42112,17075480
42240,16829912
42368,17012432
42496,17209976
42624,17142424
42752,17026600
42880,17259432
43008,17111656
43136,17637360
43264,17231360
43392,16862408
43520,17942104
43648,18411312
43776,17090080
43904,17425336
44032,17414368
44160,16889800
44288,16854808
44416,17045792
44544,17106088
44672,16968232
44800,17014328
44928,16989648
45056,17101680
45184,17038104
45312,16891072
45440,17172784
45568,17249496
45696,17076088
45824,17108848
45952,17757768
46080,16878360
46208,17136464
46336,17019712
46464,17300128
46592,17467280
46720,16901856
46848,16912528
46976,17009160
47104,17050600
47232,16996912
47360,17204032
47488,17148336
47616,17115744
47744,16903272
47872,16975848
48000,17398720
48128,16896672
48256,17091696
48384,17161320
48512,17752448
48640,17584400
48768,17088240
48896,17135384
49024,17032160
49152,18312336
49280,17115552
49408,17164848
49536,17252176
49664,18391264
49792,17030888
49920,17890408
50048,17241688
50176,17025544
50304,17000984
50432,16947136
50560,17368520
50688,17119840
50816,17150544
50944,17057376
51072,17312760
51200,17273432
51328,16972024
51456,17044800
51584,17287048
51712,17054032
51840,16865536
51968,23324680
52096,18656344
52224,17202048
52352,17735216
52480,17055664
52608,17369960
52736,17310896
52864,16979856
52992,18055944
53120,17272392
53248,17577440
53376,17011880
53504,16960664
53632,17114576
53760,16912360
53888,17056736
54016,17038096
54144,17167992
54272,16923184
54400,16880744
54528,17056992
54656,17364664
54784,16896944
54912,17057400
55040,17114008
55168,17417792
55296,17087848
55424,17113112
55552,16866960
55680,17213752
55808,17013848
55936,17373832
56064,17102112
56192,16894664
56320,17605440
56448,16850240
56576,17761808
56704,18094712
56832,17627024
56960,17058888
57088,17113632
57216,16953496
57344,17028720
57472,17443528
57600,18163592
57728,16849488
57856,17477120
57984,17407616
58112,17141288
58240,17657896
58368,17112384
58496,16943504
58624,16972176
58752,17022768
58880,17281224
59008,17141056
59136,18043456
59264,17486360
59392,16922248
59520,17270408
59648,17473648
59776,17162456
59904,17466528
60032,17162640
60160,17235512
60288,17205568
60416,17219520
60544,16956376
60672,17135224
60800,17025952
60928,17147056
61056,17089904
61184,17427152
61312,17137960
61440,17394312
61568,17353632
61696,17163424
61824,16955264
61952,17101464
62080,97347816
62208,17276352
62336,17015240
62464,17448304
62592,16876960
62720,17159952
62848,17710728
62976,16950056
63104,17061544
63232,17507680
63360,17193288
63488,17297160
63616,17526016
63744,16851944
63872,16872648
64000,17209344
64128,16883752
64256,17037368
64384,17269048
64512,17443824
64640,17109768
64768,16923592
64896,17063792
65024,17513880
65152,17814656
65280,18386696
65408,17054688
65536,17295680
65664,17201728
65792,16959056
65920,16992888
66048,17462152
66176,17114616
66304,17606520
66432,17093984
66560,17076680
66688,16944960
66816,16892696
66944,16971672
67072,18549088
67200,17214296
67328,17366152
67456,17750080
67584,17178256
67712,16949216
67840,17220352
67968,16930968
68096,17087264
68224,17088216
68352,17220792
68480,17161208
68608,17156096
68736,17904456
68864,17065224
68992,16910864
69120,17098240
69248,16935376
69376,17529272
69504,16940032
69632,17202656
69760,17097248
69888,17055120
70016,17037296
70144,17208512
70272,17124504
70400,17248936
70528,17680120
70656,18237320
70784,17256712
70912,17282728
71040,18109368
71168,16996048
71296,17145064
71424,18283640
71552,18005144
71680,18627624
71808,17693696
71936,17193648
72064,17787088
72192,17097000
72320,17134368
72448,17281168
72576,17484904
72704,17048680
72832,17215752
72960,17211168
73088,17010168
73216,17616320
73344,16947568
73472,17297584
73600,17183472
73728,16958304
73856,17133568
73984,16840008
74112,17071336
74240,17337784
74368,17112112
74496,16988056
74624,17125144
74752,17322808
74880,17208848
75008,17490848
75136,17179696
75264,17160008
75392,17181360
75520,17987744
75648,17138080
75776,16870512
75904,17031144
76032,17191168
76160,16903408
76288,17038296
76416,17117816
76544,17192136
76672,17213928
76800,17168528
76928,17518952
77056,17093784
77184,16890376
77312,17233736
77440,17104944
77568,17084968
77696,16921648
77824,16856384
77952,17234544
78080,16946048
78208,17158664
78336,17111864
78464,17142792
78592,17137328
78720,17072904
78848,18294216
78976,20956008
79104,18321720
79232,17293744
79360,17211928
79488,18160336
79616,18345672
79744,17162496
79872,17716808
80000,17874928
80128,17032104
80256,17472384
80384,17102816
80512,16919872
80640,17238008
80768,17231632
80896,17124488
81024,17282032
81152,16920888
81280,17078568
81408,16873760
81536,17141600
81664,17135672
81792,17114112
81920,16897168
82048,17342024
82176,16847432
82304,17022144
82432,17220320
82560,16931312
82688,17178672
82816,17227144
82944,16921104
83072,17074736
83200,17186736
83328,16926192
83456,17029392
83584,17159640
83712,17146672
83840,17185536
83968,17132488
84096,17180200
84224,17409904
84352,17072904
84480,17034864
84608,17143904
84736,16924224
84864,17128536
84992,17498272
85120,16882488
85248,16914440
85376,17193344
85504,17194336
85632,17265240
85760,17128696
85888,17344024
86016,17092880
86144,17319864
86272,16996992
86400,17265216
86528,17253576
86656,16987896
86784,17662376
86912,17492600
87040,18500208
87168,18199280
87296,17130976
87424,17101072
87552,17573856
87680,17276336
87808,17226304
87936,17099600
88064,16976384
88192,17732936
88320,17248032
88448,17447480
88576,17490360
88704,17247192
88832,17113272
88960,16978568
89088,18493632
89216,17199528
89344,17485784
89472,17260976
89600,17305248
89728,17762952
89856,17119912
89984,17189536
90112,17276184
90240,17382280
90368,16986728
90496,17573504
90624,16895896
90752,17629152
90880,17314136
91008,17233160
91136,16953584
91264,16959480
91392,17204520
91520,17222624
91648,18113848
91776,17622168
91904,17503344
92032,17497688
92160,17241104
92288,17154704
92416,16986896
92544,20254336
92672,17148624
92800,17400624
92928,17333224
93056,17845544
93184,17366144
93312,18120128
93440,17473000
93568,16929376
93696,17427424
93824,17073552
93952,17122520
94080,16911208
94208,17146000
94336,17347200
94464,17406176
94592,17322696
94720,17298584
94848,17477752
94976,16988864
95104,17176088
95232,17443104
95360,17440152
95488,17154080
95616,17327160
95744,17281344
95872,16875032
96000,17269832
96128,17117728
96256,17265504
96384,17391760
96512,18034616
96640,17225920
96768,16947464
96896,17188016
97024,17266096
97152,17112248
97280,17241760
97408,16924936
97536,16982056
97664,16979904
97792,17377952
97920,16862184
98048,18274752
98176,17173552
98304,17274160
98432,17472168
98560,17595152
98688,17242440
98816,17097360
98944,16921432
99072,17341712
99200,17240128
99328,17261920
99456,17971968
99584,17239712
99712,17270472
99840,17126704
99968,17152976
100096,16993848
100224,17253048
100352,16942968
100480,17141848
100608,17305544
100736,17321544
100864,16916256
100992,17161408
101120,17226848
101248,17253912
101376,17172680
101504,17272960
101632,16940112
101760,17329680
101888,17187400
102016,17610808
102144,16890224
102272,17484704
102400,17340976
102528,16932144
102656,16839512
102784,16846128
102912,17454192
103040,18126528
103168,16994648
103296,17007920
103424,17191080
103552,16941896
103680,17835264
103808,17290480
103936,16923800
104064,17158824
104192,17206056
104320,16949984
104448,16918520
104576,18357184
104704,17346856
104832,17268056
104960,17216648
105088,17617928
105216,17334360
105344,17139952
105472,17150328
105600,17396288
105728,16963264
105856,18004688
105984,17335792
106112,17875856
106240,17329224
106368,18660600
106496,17829680
106624,17284288
106752,97970432
106880,17720912
107008,16976888
107136,17095640
107264,17569272
107392,18850656
107520,17282592
107648,17247816
107776,16929256
107904,17478128
108032,17208504
108160,17284984
108288,17585544
108416,17527496
108544,17321416
108672,17132376
108800,17110392
108928,17380088
109056,17153440
109184,16860808
109312,16935232
109440,17846264
109568,17211680
109696,17073192
109824,17243288
109952,17582808
110080,17079400
110208,17284112
110336,17214736
110464,17262200
110592,17211568
110720,16890320
110848,17379968
110976,17124816
111104,17710856
111232,18238432
111360,18280008
111488,19745456
111616,21780080
111744,17495216
111872,17399424
112000,17536000
112128,17652576
112256,17181872
112384,17288144
112512,17106696
112640,17026984
112768,17573480
112896,17762856
113024,17430368
113152,17160184
113280,17318304
113408,17297168
113536,17278976
113664,17391504
113792,17226968
113920,17342280
114048,17558256
114176,18226712
114304,17690304
114432,17446504
114560,17662080
114688,17796984
114816,17553880
114944,17146096
115072,17561336
115200,18218728
115328,18084720
115456,19104080
115584,17733720
115712,19904352
115840,17890112
115968,18307552
116096,17903288
116224,18932520
116352,19887640
116480,17553200
116608,17564888
116736,17240232
116864,18135464
116992,17335240
117120,17529552
117248,17194632
117376,17447360
117504,17805064
117632,16863984
117760,17222176
117888,17288760
118016,17365832
118144,17274896
118272,16954408
118400,17375688
118528,17346520
118656,17300256
118784,17534904
118912,17305480
119040,17465264
119168,17528872
119296,17195112
119424,16901488
119552,17305512
119680,17213576
119808,17859032
119936,17486784
120064,17225528
120192,16871896
120320,17240000
120448,17608096
120576,20044112
120704,18716104
120832,17250552
120960,16937064
121088,17420584
121216,17219048
121344,17349328
121472,18324888
121600,16951744
121728,17122392
121856,17347992
121984,17009232
122112,17646376
122240,17761136
122368,17055048
122496,17360880
122624,16989424
122752,17048312
122880,18521680
123008,17895512
123136,19828928
123264,18704192
123392,17845288
123520,16883176
123648,16887192
123776,17271040
123904,19931760
124032,18865672
124160,17884552
124288,17020752
124416,17320640
124544,17237744
124672,17387104
124800,17330808
124928,17332656
125056,16957032
125184,17203600
125312,17950848
125440,18421536
125568,17200528
125696,17748176
125824,17153592
125952,17492992
126080,18019496
126208,19038872
126336,17427616
126464,17497232
126592,17182920
126720,17388152
126848,17033160
126976,18671496
127104,17526152
127232,17265192
127360,17217136
127488,17541088
127616,18075112
127744,17316192
127872,17287208
