128,11196944
256,9617432
384,9124080
512,9138744
640,10127400
768,9185096
896,9000104
1024,9190656
1152,10095616
1280,10230048
1408,9137344
1536,9423312
1664,9370960
1792,10271176
1920,9090488
2048,9291624
2176,9352024
2304,9644496
2432,10254904
2560,9023272
2688,9058768
2816,9300144
2944,10331000
3072,9736472
3200,9627936
3328,9093760
3456,9534800
3584,10418760
3712,9307320
3840,9205856
3968,9397128
4096,9377984
4224,12735744
4352,13842064
4480,15323328
4608,18408360
4736,17036144
4864,19086160
4992,19280976
5120,17508128
5248,16738904
5376,17619160
5504,18621760
5632,16833840
5760,17641184
5888,16758264
6016,17391024
6144,16710944
6272,16725144
6400,16762312
6528,16830896
6656,16819200
6784,16982576
6912,17273080
7040,16822896
7168,16962592
7296,16856512
7424,17927224
7552,17157016
7680,17268568
7808,17756672
7936,18811936
8064,16680768
8192,16764192
8320,17964104
8448,16790080
8576,17574880
8704,16769472
8832,17693304
8960,16830784
9088,16745608
9216,17621680
9344,17536480
9472,17536896
9600,17870568
9728,17489472
9856,18684120
9984,17543704
10112,17368440
10240,17046304
10368,17887752
10496,17421368
10624,16969840
10752,18135232
10880,18198632
11008,18423712
11136,18195768
11264,17312680
11392,17272088
11520,16926512
11648,18066352
11776,17698424
11904,16852000
12032,18513568
12160,17189040
12288,16882400
12416,17791040
12544,18020384
12672,18122568
12800,16925536
12928,17912272
13056,19204984
13184,17455840
13312,17149320
13440,17163656
13568,17046600
13696,16972280
13824,17553576
13952,17920248
14080,17253952
14208,17422320
14336,17297464
14464,18603992
14592,16954640
14720,18509720
14848,17979880
14976,17018520
15104,18293216
15232,17182856
15360,17319288
15488,17137496
15616,18379032
15744,17824304
15872,17372560
16000,17430408
16128,17223232
16256,16903432
16384,16929840
16512,16830384
16640,16914512
16768,16884280
16896,19105456
17024,17179680
17152,17131440
17280,17942304
17408,17066456
17536,16848800
17664,16931240
17792,17025392
17920,16914160
18048,16851488
18176,17127864
18304,17521080
18432,17014904
18560,16848824
18688,16839736
18816,17032272
18944,16954560
19072,16850448
19200,16985680
19328,16929816
19456,16955272
19584,16889704
19712,16867688
19840,17341504
19968,16886224
20096,16859904
20224,16976368
20352,16911376
20480,17993600
20608,18600848
20736,17083120
20864,17860384
20992,17838752
21120,16863192
21248,18281808
21376,16912712
21504,17417592
21632,18033368
21760,17360264
21888,16920728
22016,17300192
22144,17106352
22272,17199112
22400,17135736
22528,17948072
22656,17403712
22784,17895624
22912,17933040
23040,17709400
23168,17368984
23296,17132000
23424,16915184
23552,17046168
23680,19214264
23808,17142648
23936,19748744
24064,17010536
24192,17000048
24320,17859736
24448,17067536
24576,17030384
24704,17014928
24832,17978248
24960,17392208
25088,16957312
25216,17169616
25344,17917952
25472,18019128
25600,17149424
25728,18059312
25856,17083256
25984,16931848
26112,16991280
26240,17077320
26368,17106304
26496,17179568
26624,17674528
26752,18148608
26880,17113704
27008,16968112
27136,16859200
27264,16983296
27392,16918304
27520,18623504
27648,18443952
27776,16995032
27904,17403624
28032,16886536
28160,16911984
28288,17883736
28416,16944824
28544,17358408
28672,16844864
28800,19171984
28928,17351800
29056,16838456
29184,17277592
29312,19646648
29440,17904680
29568,18675392
29696,18160648
29824,18342736
29952,17194104
30080,16913656
30208,17728920
30336,18179432
30464,17729808
30592,18403624
30720,18631744
30848,18395320
30976,17793904
31104,17102968
31232,17516616
31360,18235064
31488,17721232
31616,17551384
31744,17028336
31872,18275816
32000,17760624
32128,18191648
32256,17533008
32384,19772952
32512,17380432
32640,17331992
32768,17518136
32896,18032104
33024,18822112
33152,18116536
33280,18010136
33408,18410328
33536,17088400
33664,17042248
33792,17111016
33920,16947136
34048,17470960
34176,17395240
34304,17458320
34432,16984392
34560,16875480
34688,16856016
34816,17025168
34944,17091648
35072,16888872
35200,17354784
35328,16891104
35456,16889824
35584,18208384
35712,17685144
35840,17491936
35968,17494608
36096,17780752
36224,19131168
36352,17136952
36480,17108712
36608,17059488
36736,17483808
36864,17552680
36992,17351440
37120,17536024
37248,17927920
37376,17027128
37504,17172768
37632,18633240
37760,17398504
37888,17550496
38016,18050120
38144,17685968
38272,19477632
38400,16865264
38528,17858000
38656,18583232
38784,17416928
38912,18010896
39040,17539072
39168,16951088
39296,17291568
39424,17221432
39552,20592648
39680,17446704
39808,18544560
39936,17837736
40064,16916984
40192,16973200
40320,16950040
40448,16853560
40576,18927768
40704,17214496
40832,16888024
40960,16848960
41088,17055688
41216,16975880
41344,16849464
41472,16927256
41600,17367264
41728,16873528
41856,18642888
41984,17063576
42112,16915048
42240,18779464
42368,16934800
42496,16938560
42624,16915264
42752,16899200
42880,17114360
43008,17616568
43136,16846792
43264,16832928
43392,19117424
43520,18042992
43648,19068944
43776,16972832
43904,17981848
44032,17325232
44160,17778096
44288,17962328
44416,18154632
44544,17872512
44672,16908576
44800,16906784
44928,16863384
45056,18308744
45184,17426936
45312,17135216
45440,16878800
45568,16846848
45696,16872392
45824,16924240
45952,16878424
46080,16974896
46208,17324912
46336,18786320
46464,16975088
46592,17972000
46720,17429744
46848,17392704
46976,18535336
47104,17475056
47232,17147112
47360,18357320
47488,18495784
47616,17984544
47744,17254864
47872,17332376
48000,17109584
48128,17525440
48256,17361504
48384,16966744
48512,17597968
48640,16968144
48768,17181816
48896,17338832
49024,17073960
49152,16897768
49280,16892896
49408,17113944
49536,16871384
49664,16847904
49792,17142992
49920,17167880
50048,16865904
50176,16865920
50304,16908192
50432,16877144
50560,16849528
50688,17018416
50816,17763560
50944,16870232
51072,17046896
51200,17396216
51328,17179504
51456,17150768
51584,17392216
51712,16880312
51840,16861856
51968,16899384
52096,16833232
52224,17146456
52352,16904464
52480,17141632
52608,17137520
52736,17148232
52864,16888568
52992,17535528
53120,17215184
53248,17489496
53376,16844624
53504,16933016
53632,16882872
53760,17284840
53888,16972928
54016,17075544
54144,17617168
54272,17770312
54400,17120680
54528,17607064
54656,17394176
54784,17873128
54912,17154656
55040,16929168
55168,17196688
55296,16900984
55424,16862024
55552,17302384
55680,17786392
55808,17120464
55936,17023488
56064,16864840
56192,16851000
56320,17604992
56448,17215448
56576,17177768
56704,17543336
56832,17053696
56960,17207320
57088,17002600
57216,17638744
57344,17666904
57472,17327512
57600,17222080
57728,16929912
57856,17783744
57984,19850752
58112,17030568
58240,17461960
58368,17368144
58496,17240640
58624,17533368
58752,16891432
58880,96743184
59008,17336856
59136,17210384
59264,17054560
59392,18250872
59520,17361656
59648,17476528
59776,17216992
59904,17761080
60032,17615040
60160,17509920
60288,22874288
60416,19591616
60544,18962720
60672,17661928
60800,17449896
60928,17339224
61056,17228784
61184,16809296
61312,17178200
61440,17591360
61568,17326592
61696,16867752
61824,17036208
61952,16840688
62080,16888880
62208,16726320
62336,16886240
62464,16846240
62592,16864424
62720,16982720
62848,16878232
62976,17061616
63104,17517608
63232,17407896
63360,17032336
63488,16870888
63616,16909712
63744,17328552
63872,16854832
64000,17278880
64128,16860048
64256,16836368
64384,17112088
64512,16903624
64640,16928168
64768,16879416
64896,19894360
65024,16849696
65152,16832936
65280,16854912
65408,16847664
65536,16912680
65664,16995256
65792,16861688
65920,16827592
66048,16858008
66176,16850648
66304,17409600
66432,16881136
66560,17570432
66688,16916520
66816,17091880
66944,19146408
67072,17223720
67200,18002896
67328,17843376
67456,17241088
67584,17104008
67712,17500024
67840,17034344
67968,17484296
68096,17400488
68224,17649096
68352,17631440
68480,17108808
68608,17764608
68736,17645568
68864,17189624
68992,18012112
69120,18263392
69248,17895672
69376,17123384
69504,16992488
69632,17019592
69760,17332960
69888,17985464
70016,17108800
70144,17465272
70272,17493272
70400,16981720
70528,16694704
70656,16649696
70784,16649536
70912,16987760
71040,17706648
71168,18152032
71296,17610824
71424,17667320
71552,17398800
71680,18011624
71808,18515744
71936,18137424
72064,18061600
72192,17478672
72320,19381176
72448,22184472
72576,19528248
72704,18922304
72832,17168904
72960,20535392
73088,18349192
73216,17571264
73344,16942608
73472,19151056
73600,23803176
73728,21764056
73856,22868600
73984,19144096
74112,23082064
74240,22307352
74368,22079088
74496,18943008
74624,18298888
74752,19088456
74880,17697472
75008,20198592
75136,19393344
75264,20218200
75392,19881536
75520,20907640
75648,18603608
75776,17061768
75904,16958584
76032,17080112
76160,17108104
76288,16945400
76416,16911744
76544,16900984
76672,19340320
76800,20564144
76928,20827856
77056,18581544
77184,19305432
77312,17705616
77440,16673568
77568,16618160
77696,17409176
77824,17547528
77952,17278056
78080,17645448
78208,20128184
78336,17541912
78464,17297576
78592,18197360
78720,17518352
78848,17977440
78976,17722592
79104,17988904
79232,18237816
79360,17908904
79488,18364408
79616,21904632
79744,16981408
79872,16769928
80000,17694936
80128,17142680
80256,17674840
80384,17566968
80512,17924040
80640,17230168
80768,17256728
80896,16750240
81024,17181072
81152,18726112
81280,17870816
81408,17806008
81536,17169528
81664,18453960
81792,19669720
81920,19883792
82048,19233144
82176,19270664
82304,21096264
82432,17517768
82560,17356160
82688,16480176
82816,20686448
82944,18297680
83072,181633832
83200,18874168
83328,22440464
83456,18605024
83584,17079768
83712,18655472
83840,18773376
83968,17672944
84096,18254312
84224,20637584
84352,18544896
84480,17735624
84608,16785176
84736,16737544
84864,16577888
84992,16562832
85120,16719520
85248,16950304
85376,16864016
85504,16838800
85632,18690752
85760,18995536
85888,20694496
86016,19393440
86144,16818832
86272,16863904
86400,16781768
86528,17075424
86656,20323208
86784,19000768
86912,19770144
87040,19609408
87168,19325784
87296,18401448
87424,18605256
87552,18363128
87680,19204792
87808,18981640
87936,19167536
88064,20511144
88192,20632712
88320,19414728
88448,18491016
88576,19076336
88704,18827024
88832,19911512
88960,19305760
89088,18099544
89216,17527992
89344,19304560
89472,21456584
89600,18999056
89728,22040640
89856,20565792
89984,20778912
90112,22137944
90240,23823368
90368,27315760
90496,71311888
90624,19311136
90752,18015800
90880,20256616
91008,21492816
91136,22028272
91264,180527712
91392,16846320
91520,17092184
91648,16861440
91776,16917640
91904,16924136
92032,16865312
92160,18452720
92288,18227288
92416,17910792
92544,19862232
92672,18398688
92800,19502896
92928,18369504
93056,19300608
93184,18810264
93312,20451648
93440,18991920
93568,21521504
93696,24409640
93824,18042448
93952,18062040
94080,16943840
94208,17134752
94336,18196928
94464,18410488
94592,16874864
94720,16930832
94848,16922976
94976,17863480
95104,16872920
95232,16889400
95360,101223024
95488,20654408
95616,20825992
95744,18876808
95872,18279816
96000,18997960
96128,19396024
96256,19388112
96384,18830232
96512,18759352
96640,18934848
96768,17393248
96896,19548544
97024,20535936
97152,22494720
97280,18375704
97408,18973504
97536,21427496
97664,16946120
97792,17033488
97920,16872072
98048,16939312
98176,16859016
98304,19212688
98432,20150968
98560,20208096
98688,21015040
98816,18145080
98944,23116200
99072,19152952
99200,16845168
99328,16876816
99456,16884832
99584,20606648
99712,19085936
99840,20018216
99968,19320088
100096,17004560
100224,21819400
100352,21142920
100480,20340720
100608,17976184
100736,21602592
100864,18580704
100992,19664008
101120,18218136
101248,20860280
101376,20256696
101504,17029736
101632,19050776
101760,19808224
101888,23196120
102016,28328536
102144,19880864
102272,23491512
102400,20953536
102528,20524528
102656,18098224
102784,19424144
102912,19572648
103040,20448752
103168,19071568
103296,17944016
103424,18796936
103552,20094992
103680,18626640
103808,18916984
103936,18221728
104064,17012072
104192,19406400
104320,19371472
104448,17778552
104576,18089232
104704,19176464
104832,18333208
104960,19945016
105088,17728920
105216,23573472
105344,18140840
105472,18370544
105600,18616352
105728,18055248
105856,17995424
105984,18313064
106112,17570832
106240,17766304
106368,18439688
106496,17850920
106624,18577464
106752,23483328
106880,19624672
107008,18342360
107136,18488384
107264,18939744
107392,19302072
107520,18151416
107648,17787224
107776,19626312
107904,17852080
108032,20082816
108160,18885496
108288,20442248
108416,17918304
108544,18652488
108672,18011960
108800,20128440
108928,21056832
109056,18254560
109184,21434304
109312,17508336
109440,18502144
109568,19664072
109696,19831568
109824,19221944
109952,18054304
110080,18376048
110208,18586912
110336,19890712
110464,20018056
110592,19005704
110720,19105432
110848,18020488
110976,17508008
111104,18107624
111232,18340288
111360,23712512
111488,19313080
111616,19184648
111744,19185600
111872,20030880
112000,17447000
112128,19778256
112256,18180048
112384,99217480
112512,19158672
112640,18374528
112768,20663952
112896,18453480
113024,21871888
113152,19243056
113280,18951496
113408,19519672
113536,17447464
113664,101100880
113792,18094480
113920,18196456
114048,18979728
114176,18611664
114304,19832360
114432,18598944
114560,19247768
114688,18813624
114816,18284928
114944,19657976
115072,18966424
115200,19279128
115328,19710696
115456,18324816
115584,99744536
115712,18542512
115840,17798416
115968,20606248
116096,18006000
116224,22253368
116352,22038072
116480,20656392
116608,18661416
116736,19163632
116864,18867880
116992,17619568
117120,16941136
117248,16880528
117376,17871144
117504,18243008
117632,18136656
117760,18100392
117888,17758608
118016,18602080
118144,19191592
118272,21895792
118400,19314888
118528,20170176
118656,17956560
118784,17928888
118912,18664632
119040,18721248
119168,19692384
119296,19108864
119424,19006552
119552,21009408
119680,18106880
119808,21113992
119936,21060456
120064,20860632
120192,19076392
120320,18971592
120448,20586728
120576,18833264
120704,17918416
120832,19486496
120960,17708584
121088,16954472
121216,18953104
121344,18166992
121472,17115840
121600,18585968
121728,18047240
121856,18059304
121984,18412904
122112,19089560
122240,18167584
122368,20716704
122496,19707200
122624,20660024
122752,19524864
122880,18306104
123008,17726328
123136,18160968
123264,18550648
123392,18902896
123520,18981944
123648,20142032
123776,20129104
123904,18459104
124032,18171160
124160,18398768
124288,18722696
124416,18614864
124544,18719808
124672,17893944
124800,18554664
124928,20861648
125056,18086536
125184,18643744
125312,17760112
125440,17963704
125568,19996712
125696,18289744
125824,21830328
125952,18177288
126080,18213464
126208,18135128
126336,18600016
126464,20285712
126592,17916008
126720,18449376
126848,18178048
126976,19484192
127104,17927656
127232,18092000
127360,18292272
127488,20688416
127616,18641848
127744,18034712
127872,18124848
128000,18033024
128128,18393216
128256,19171544
128384,18928440
128512,21141168
128640,18641192
128768,18522576
128896,17343624
129024,17080016
129152,17269328
129280,17305512
129408,19439808
129536,17679072
129664,20136120
129792,17026632
129920,16930776
130048,16891032
130176,16854792
130304,17864104
130432,17961712
130560,18031144
130688,17692632
130816,17518352
130944,17018440
131072,17557784
131200,17232656
131328,18158200
131456,17182096
131584,17162504
131712,17973472
131840,22874320
131968,19968264
132096,19238832
132224,20349472
132352,17606944
132480,17519368
132608,17291144
132736,17542096
132864,18133168
132992,17426072
133120,17663216
133248,17282664
133376,18080184
133504,17630328
133632,17288296
133760,17080432
133888,17838888
134016,18066096
134144,17332648
134272,17629896
134400,17319848
134528,17336512
134656,17495288
134784,17489312
134912,17776880
135040,17311768
135168,17051024
135296,17083696
135424,18479416
135552,19038792
135680,17670704
135808,18331728
135936,17036688
136064,17046472
136192,18958096
136320,17829680
136448,17989144
136576,18284560
136704,19227216
136832,17508680
136960,18167920
137088,18288592
137216,17038016
137344,17408640
137472,17483648
137600,18119304
137728,19129928
137856,17723168
137984,18427776
138112,17449960
138240,19440288
138368,18497424
138496,18851344
138624,18174960
138752,18747928
138880,17785768
139008,17627928
139136,18760376
139264,17231272
139392,17278488
139520,17996328
139648,18703448
139776,19047104
139904,18300760
140032,18828752
140160,21997752
140288,19797136
140416,19280248
140544,17850080
140672,17510384
140800,17805128
140928,18735768
141056,99554464
141184,19729176
141312,18166056
141440,20293408
141568,21651888
141696,20125240
141824,20868744
141952,20810080
142080,19883080
142208,21790136
142336,21457464
142464,20747552
142592,19299000
142720,20325320
142848,21096944
142976,22296664
143104,20464448
143232,20799384
143360,21349448
143488,21281160
143616,20533040
143744,21743592
143872,20710176
144000,21917696
144128,20611776
144256,22073136
144384,20516824
144512,21272704
144640,21181672
144768,20130984
144896,22215480
145024,20428064
145152,19465704
145280,19120752
145408,17693520
145536,17958112
145664,17270992
145792,19542152
145920,17539432
146048,17319408
146176,18983472
146304,18076328
146432,17848064
146560,19560752
146688,17449072
146816,20220312
146944,18192264
147072,18305736
147200,18019720
147328,17792416
147456,18052800
147584,18039712
147712,17824376
147840,19668400
147968,19120520
148096,20991992
148224,24358184
148352,19944664
148480,17802960
148608,18133168
148736,18141752
148864,18270064
148992,17343928
149120,17348584
149248,19425336
149376,17974480
149504,18068160
149632,20814032
149760,17333560
149888,17366608
150016,17300368
150144,17287992
150272,17237416
150400,19100344
150528,18621568
150656,17687152
150784,19275208
150912,18424160
151040,18902776
151168,19087824
151296,17118432
151424,19449944
151552,18301936
151680,18049344
151808,17399040
151936,17696264
152064,17632536
152192,20452584
152320,21092848
152448,19210416
152576,17281512
152704,17412416
152832,18471160
152960,19376248
153088,18256800
153216,19330992
153344,17886768
153472,19552112
153600,19589208
153728,19892800
153856,18153704
153984,18183784
154112,18544208
154240,19285624
154368,17924928
154496,19726496
154624,18802928
154752,18431288
154880,18069560
155008,17836984
155136,21049672
155264,19563160
155392,18583080
155520,18308376
155648,18715864
155776,17261112
155904,18260216
156032,20743352
156160,19660768
156288,21221576
156416,21136592
156544,20042312
156672,20005496
156800,19726360
156928,19266392
157056,18407824
157184,17946584
157312,18045520
157440,19062752
157568,18722280
157696,18499392
157824,17596232
157952,17473576
158080,18259576
158208,18997080
158336,18043800
158464,17387496
158592,18254424
158720,18176672
158848,17559976
158976,17405112
159104,17707544
159232,17379312
159360,17328064
159488,17775672
159616,17562248
159744,18253008
159872,18482216
160000,19661160
160128,19786520
160256,17605728
160384,17931672
160512,18872920
160640,19166088
160768,17709736
160896,19106384
161024,17358104
161152,18136856
161280,18668680
161408,17524032
161536,17572656
161664,18256040
161792,17597016
161920,17335912
162048,17980208
162176,17416904
162304,17402584
162432,17432784
162560,18141352
162688,20091040
162816,20521336
162944,18830216
163072,17870128
163200,18445144
163328,17565968
163456,18656928
163584,18051168
163712,18076328
163840,18258568
163968,18134584
164096,18738528
164224,19432248
164352,17323112
164480,18986992
164608,18478272
164736,17318784
164864,18876104
164992,17360032
165120,18416120
165248,17712984
165376,18654488
165504,18762592
165632,18289120
165760,18582280
165888,17975872
166016,18683872
166144,18209776
166272,17565864
166400,17946128
166528,17967232
166656,17805912
166784,17969392
166912,17918904
167040,17412664
167168,18418616
167296,18359872
167424,18067848
167552,17436384
167680,17894496
167808,18022208
167936,98983592
168064,19897088
168192,18289416
168320,17948376
168448,18168400
168576,17789120
168704,17695984
168832,19151688
168960,18673328
169088,18473368
169216,17534072
169344,18368688
169472,17794016
169600,18113408
169728,19141224
169856,18148840
169984,18008560
170112,17410216
170240,19727400
170368,17578488
170496,18579280
170624,18086408
170752,17970664
170880,18244216
171008,18510456
171136,17644984
171264,18107744
171392,18523680
171520,18370392
171648,19015912
171776,18550704
171904,18215408
172032,18593656
172160,18189616
172288,20997064
172416,18549448
172544,19452560
172672,18477512
172800,19513216
172928,20371704
173056,18663712
173184,18856096
173312,17717280
173440,19508192
173568,18432104
173696,19444256
173824,19798360
173952,21817176
174080,20353728
174208,18359984
174336,18477304
174464,18063544
174592,18039624
174720,18709296
174848,17359552
174976,17908008
175104,17302520
175232,18678704
175360,17858048
175488,18095608
175616,17646256
175744,20377232
175872,18622200
176000,19322760
176128,18601024
176256,20587344
176384,18684368
176512,45382752
176640,19033048
176768,18693032
176896,17549512
177024,17481112
177152,18834304
177280,19888224
177408,18823456
177536,18375136
177664,18789928
177792,19677392
177920,20203800
178048,20167192
178176,25532864
178304,23330936
178432,23004632
178560,22869160
178688,20985200
178816,23247816
178944,17616528
179072,17475192
179200,21420784
179328,19764104
179456,22279104
179584,21892808
179712,21745352
179840,20198824
179968,20860664
180096,22814064
180224,19608960
180352,20691416
180480,20164320
180608,22179752
180736,17399424
180864,17324576
180992,18784992
181120,17309448
181248,17469176
181376,22204736
181504,21243904
181632,21678256
181760,21610624
181888,22395200
182016,21937232
182144,21568728
182272,20130944
182400,21433640
182528,21814328
182656,18372208
182784,17931456
182912,19617688
183040,17633296
183168,19725392
183296,18040368
183424,19642256
183552,18340016
183680,19008000
183808,18470728
183936,17959632
184064,18280368
184192,17801520
184320,17545768
184448,19788472
184576,19022672
184704,19116000
184832,18204328
184960,18862792
185088,20642336
185216,21759144
185344,19235488
185472,19735760
185600,18258528
185728,18491536
185856,18538704
185984,18349624
186112,17816704
186240,17955008
186368,17770248
186496,17946688
186624,17891568
186752,18067216
186880,17411256
187008,18214096
187136,18311816
187264,18286088
187392,18132776
187520,17897880
187648,17646768
187776,19072528
187904,19044544
188032,17545080
188160,19079712
188288,17867048
188416,18925184
188544,18021176
188672,17944840
188800,17493832
188928,19287472
189056,18331808
189184,19121376
189312,18149048
189440,17441088
189568,19075440
189696,17323528
189824,19363528
189952,18205720
190080,18391536
190208,17876696
190336,17671600
190464,17370728
190592,18289696
190720,17372960
190848,17810240
190976,18449840
191104,17961328
191232,17944208
191360,17603952
191488,18759424
191616,18926192
191744,17833464
191872,18723872
192000,18020336
192128,17669912
192256,19460480
192384,18143040
192512,17848048
192640,17821528
192768,19412048
192896,18191664
193024,17977248
193152,18950128
193280,17756400
193408,19061952
193536,18942480
193664,17351840
193792,17460968
193920,18343176
194048,18611832
194176,18095384
194304,17794784
194432,18892112
194560,17337728
194688,17983480
194816,17585200
194944,17482072
195072,17899472
195200,17877856
195328,19405808
195456,19326968
195584,18280272
195712,17656016
195840,18873592
195968,17465584
196096,17775064
196224,18960912
196352,19132352
196480,17903208
196608,19388688
196736,19069408
196864,20214344
196992,18451936
197120,17755440
197248,17974008
197376,19148400
197504,17938336
197632,18331920
197760,19060656
197888,17820696
198016,17727264
198144,19892568
198272,17290160
198400,18465424
198528,17527112
198656,18665912
198784,17914432
198912,18201008
199040,17544352
199168,17301456
199296,17619752
199424,18309968
199552,17840648
199680,19621296
199808,17946040
199936,18031056
200064,18190032
200192,17280232
200320,18490824
200448,18820832
200576,18556376
200704,17887744
200832,17676024
200960,18067272
201088,17891600
201216,18353160
201344,18583912
201472,18179160
201600,18063872
201728,18312464
201856,18226288
201984,18144312
202112,18204200
202240,19094104
202368,20209504
202496,19290384
202624,18989688
202752,19510128
202880,18108984
203008,18077448
203136,18150688
203264,19569600
203392,17276384
203520,17870616
203648,19200264
203776,17927632
203904,18930392
204032,18918024
204160,18132584
204288,19085080
204416,18309040
204544,19240032
204672,18539048
204800,18203880
204928,18158328
205056,17926224
205184,17910792
205312,17353544
205440,17846720
205568,17347904
205696,18088296
205824,19728280
205952,19429864
206080,18053648
206208,18628888
206336,17850240
206464,17346008
206592,18336768
206720,17898888
206848,17455144
206976,17342168
207104,18826696
207232,17932624
207360,17745104
207488,17307712
207616,17949848
207744,18080768
207872,17432784
208000,18470632
208128,17849128
208256,17602224
208384,17970536
208512,18105848
208640,17956936
208768,19361776
208896,18892496
209024,18061312
209152,18157984
209280,17460104
209408,17913584
209536,18057760
209664,17556680
209792,18979960
209920,19075056
210048,18906208
210176,21433408
210304,19323104
210432,18012864
210560,18193136
210688,17404120
210816,17805496
210944,19289280
211072,17416184
211200,17839536
211328,17600472
211456,18424792
211584,19841072
211712,18186808
211840,19996560
211968,17913912
212096,18536656
212224,18005432
212352,17546800
212480,17319488
212608,19682136
212736,18305232
212864,18504656
212992,18703288
213120,17462520
213248,20330528
213376,18053400
213504,19029048
213632,19534600
213760,18356144
213888,19479264
214016,19010240
214144,19111064
214272,19445672
214400,19109712
214528,18606440
214656,18118008
214784,18320264
214912,18573904
215040,17841512
215168,18037200
215296,19309864
215424,17270880
215552,20203736
215680,17995152
215808,17937376
215936,18464952
216064,18532152
216192,19527120
216320,18062968
216448,18817112
216576,17872936
216704,18002280
216832,20027848
216960,17408528
217088,20057024
217216,19123432
217344,17914264
217472,20235392
217600,17369784
217728,19433648
217856,18400816
217984,17945768
218112,17697208
218240,18250328
218368,18973144
218496,17334768
218624,20433232
218752,17899152
218880,18864088
219008,20504152
219136,18433992
219264,20128704
219392,17900808
219520,18045296
219648,19270528
219776,18138960
219904,19126912
220032,18625632
220160,18205176
220288,20775408
220416,17400064
220544,19324000
220672,19268224
220800,22597352
220928,24329832
221056,21619040
221184,18542008
221312,21690872
221440,20824440
221568,19792592
221696,19760968
221824,19807928
221952,19305632
222080,19652808
222208,20153056
222336,21171160
222464,22146624
222592,19957480
222720,22467088
222848,22590688
222976,21331320
223104,21354640
223232,21571528
223360,22604512
223488,22407408
223616,21835176
223744,23281824
223872,20875640
224000,21851752
224128,17935312
224256,22085032
224384,18328672
224512,21662496
224640,21268584
224768,21473400
224896,20564136
225024,21491632
225152,23943904
225280,21193912
225408,21142352
225536,21884760
225664,21672136
225792,20719648
225920,20625120
226048,20406992
226176,18346584
226304,17664208
226432,19641664
226560,17275384
226688,18453360
226816,19448712
226944,18434400
227072,19535608
227200,19311240
227328,18865480
227456,17764480
227584,18778032
227712,17699424
227840,19065712
227968,18435592
228096,18755248
228224,20188976
228352,21599792
228480,23405912
228608,20922408
228736,21643328
228864,19976304
228992,20471440
229120,23207264
229248,18912800
229376,21114640
229504,21090568
229632,21649816
229760,23765808
229888,21584904
230016,19283064
230144,20265928
230272,20335696
230400,22645752
230528,19671424
230656,23402192
230784,20848568
230912,17880360
231040,18014016
231168,18167432
231296,17923536
231424,18180232
231552,18115472
231680,18046096
231808,18199008
231936,18508712
232064,18215648
232192,19361592
232320,18290648
232448,17914960
232576,18335392
232704,18052856
232832,17914816
232960,18412576
233088,17933984
233216,17861008
233344,19142760
233472,18295776
233600,18797536
233728,19875840
233856,18756008
233984,19945360
234112,18599136
234240,18902440
234368,18819824
234496,19530544
234624,18048824
234752,17943600
234880,17642360
235008,18063264
235136,18199880
235264,17656792
235392,17946640
235520,18170320
235648,17302016
235776,18145976
235904,18981616
236032,19247192
236160,21910952
236288,21302128
236416,27118384
236544,22626872
236672,18438584
236800,18330680
236928,17882440
237056,18785992
237184,17969712
237312,21093800
237440,17621960
237568,18571184
237696,18696136
237824,18133384
237952,18565168
238080,19311864
238208,18516184
238336,18257200
238464,18946992
238592,17941696
238720,19597240
238848,18540248
238976,18308840
239104,19395520
239232,18440432
239360,17918640
239488,99065152
239616,18513032
239744,18922592
239872,18246600
240000,20335848
240128,18376616
240256,18892408
240384,20356512
240512,20536872
240640,20224896
240768,17894872
240896,17504832
241024,19184160
241152,18449192
241280,19137096
241408,18538144
241536,18539248
241664,17466656
241792,19039984
241920,18166616
242048,17969672
242176,18154664
242304,17833880
242432,18238512
242560,18304976
242688,18221648
242816,17535168
242944,18510600
243072,18313512
243200,18218992
243328,18289872
243456,19068056
243584,18433920
243712,18501120
243840,18018032
243968,18150464
244096,18418936
244224,17611728
244352,17935392
244480,17724680
244608,18771784
244736,20927968
244864,18081168
244992,18104592
245120,18913576
245248,19946600
245376,19501696
245504,18717568
245632,18282792
245760,18887264
245888,18430112
246016,18264072
246144,17263128
246272,17782680
246400,18120352
246528,17977280
246656,18408328
246784,18191360
246912,18287200
247040,19144856
247168,19330808
247296,18730472
247424,18659976
247552,21063960
247680,20423488
247808,19821208
247936,18524952
248064,19413552
248192,18036872
248320,17270040
248448,18094080
248576,17609712
248704,17318720
248832,17450800
248960,17333720
249088,17573984
249216,17362632
249344,17354680
249472,17987424
249600,17296800
249728,17453304
249856,17318120
249984,21229464
250112,18254048
250240,17547928
250368,17266296
250496,19065136
250624,18115248
250752,18453264
250880,18820040
251008,18621712
251136,17656192
251264,18507976
251392,17469768
251520,18373136
251648,18124312
251776,18678480
251904,18401848
252032,18249928
252160,18476032
252288,18488456
252416,17969608
252544,18209568
252672,18000360
252800,17974488
252928,18153024
253056,17294632
253184,17306112
253312,17969512
253440,17627136
253568,18004152
253696,18017232
253824,18075056
253952,18487840
254080,17292288
254208,17925640
254336,17315880
254464,18001824
254592,17335520
254720,17270776
254848,17266608
254976,17256904
255104,17270376
255232,17284568
255360,17433504
255488,17316712
255616,18193840
255744,18033736
255872,17818632
