128,9058328
256,10518392
384,9158888
512,9473704
640,9447096
768,10029512
896,9731816
1024,9531168
1152,9134016
1280,9411112
1408,9541664
1536,9036384
1664,9134488
1792,9569176
1920,11543144
2048,9744120
2176,9033248
2304,9017848
2432,9363408
2560,9412968
2688,9953312
2816,9344264
2944,9649040
3072,9212904
3200,9178112
3328,9285136
3456,9549032
3584,9084400
3712,9023200
3840,9815784
3968,9139456
4096,9452536
4224,12258464
4352,14695776
4480,16101744
4608,18043360
4736,18614400
4864,19831728
4992,17923976
5120,17140184
5248,19819272
5376,17108464
5504,16674752
5632,16587568
5760,18691240
5888,17590144
6016,17326656
6144,17324728
6272,16703136
6400,17133608
6528,16713488
6656,16877472
6784,16687000
6912,16642680
7040,17933896
7168,17472416
7296,19673704
7424,18065456
7552,17878792
7680,17611440
7808,17805936
7936,17265336
8064,17492440
8192,17277384
8320,17539856
8448,17908976
8576,17708248
8704,18046928
8832,17678688
8960,19028200
9088,17802440
9216,18636864
9344,18606760
9472,18871496
9600,17868344
9728,18387192
9856,17749248
9984,17335552
10112,17534352
10240,18433672
10368,17947744
10496,17868160
10624,17600648
10752,17512320
10880,17892456
11008,18258416
11136,19116080
11264,17673936
11392,19204712
11520,18980440
11648,18914432
11776,18004080
11904,18197360
12032,17846464
12160,19582712
12288,17848528
12416,18649864
12544,17631288
12672,17668888
12800,17714984
12928,20509288
13056,18747944
13184,17752544
13312,17680904
13440,18341784
13568,17435920
13696,18063240
13824,18038040
13952,18726240
14080,18387456
14208,17476104
14336,21882872
14464,18233488
14592,17801968
14720,17521248
14848,17681048
14976,17383472
15104,17811176
15232,17274912
15360,18045648
15488,18432872
15616,17524672
15744,17122696
15872,17417408
16000,17959760
16128,17125904
16256,17903728
16384,18225888
16512,18222800
16640,18312624
16768,17486544
16896,17439768
17024,17455104
17152,16916792
17280,17091040
17408,18582008
17536,18758688
17664,17379576
17792,17538240
17920,17692584
18048,17597648
18176,18681552
18304,18095256
18432,18085112
18560,17727104
18688,17929584
18816,20508048
18944,17374560
19072,17470568
19200,17226368
19328,16853792
19456,17207320
19584,18761144
19712,17558160
19840,17325792
19968,17698504
20096,18364992
20224,19025552
20352,19936064
20480,18076528
20608,18985584
20736,17531824
20864,16677696
20992,16623344
21120,17129176
21248,21016472
21376,20983200
21504,18902480
21632,17514096
21760,18094472
21888,17576720
22016,18600272
22144,20026328
22272,19237296
22400,18805016
22528,17406232
22656,17547544
22784,17968824
22912,17757472
23040,17350216
23168,18601800
23296,21276016
23424,17612904
23552,17119600
23680,17196952
23808,16963984
23936,16924696
24064,16857112
24192,17592168
24320,18229440
24448,17222072
24576,17902600
24704,18252712
24832,17390160
24960,17746176
25088,17828848
25216,17307608
25344,16863696
25472,17771208
25600,17047600
25728,17513792
25856,17200112
25984,17152456
26112,17052808
26240,17044704
26368,17049176
26496,17163856
26624,17286480
26752,16841432
26880,16978656
27008,17583920
27136,17031608
27264,17088480
27392,17202128
27520,17127840
27648,16832744
27776,16856008
27904,16834784
28032,17058392
28160,17166704
28288,17261216
28416,17258096
28544,17057784
28672,17153864
28800,18044360
28928,16954416
29056,17070632
29184,17164360
29312,16885728
29440,17217376
29568,16905768
29696,16921344
29824,17015880
29952,16880008
30080,16951872
30208,16837088
30336,16912184
30464,17019864
30592,16978928
30720,17130216
30848,16927856
30976,17096376
31104,16985520
31232,16851184
31360,96951360
31488,17049072
31616,16952000
31744,16972416
31872,17145776
32000,17145640
32128,16903320
32256,17057328
32384,17034768
32512,16864024
32640,17224704
32768,17178376
32896,17026880
33024,16843704
33152,16830592
33280,16843272
33408,16842192
33536,16876640
33664,16942736
33792,16909552
33920,17379768
34048,17050752
34176,16950496
34304,16840104
34432,16917280
34560,16925720
34688,16832600
34816,16965496
34944,16850424
35072,16830400
35200,16847608
35328,16828608
35456,17791104
35584,17034640
35712,16881776
35840,16836896
35968,16847496
36096,17031496
36224,17272936
36352,16897016
36480,17147440
36608,17005624
36736,16913272
36864,16862464
36992,16828432
37120,16840464
37248,17040624
37376,17056168
37504,17074576
37632,17086680
37760,16973304
37888,16923000
38016,16926520
38144,16902448
38272,16854944
38400,17003472
38528,16843976
38656,16846368
38784,16839560
38912,17051520
39040,16848384
39168,16888672
39296,16846592
39424,17156016
39552,17098608
39680,17182496
39808,17004776
39936,16867776
40064,16842704
40192,16859472
40320,17173352
40448,17131472
40576,16863784
40704,16845776
40832,16908688
40960,17275840
41088,16910800
41216,17037336
41344,17017912
41472,17032224
41600,17031616
41728,17064160
41856,17041576
41984,16915888
42112,17320928
42240,17123928
42368,17087144
42496,17240080
42624,17238600
42752,16993464
42880,17079904
43008,16971792
43136,16861440
43264,19533736
43392,17755480
43520,17538648
43648,18794808
43776,17099464
43904,17246448
44032,19121464
44160,17498080
44288,17295880
44416,16866920
44544,16959200
44672,16893488
44800,16843072
44928,17047440
45056,17547760
45184,20273592
45312,16905192
45440,18898232
45568,17374808
45696,17512384
45824,17658560
45952,18842512
46080,17230848
46208,17245368
46336,17583136
46464,18593256
46592,18516688
46720,16872296
46848,16957392
46976,16980504
47104,16991856
47232,17059472
47360,17160104
47488,16995648
47616,17062584
47744,18505960
47872,17733560
48000,16981336
48128,16841064
48256,17416816
48384,16923048
48512,17388544
48640,16888848
48768,16974392
48896,16844544
49024,16918120
49152,16865120
49280,16844136
49408,16843576
49536,16966696
49664,17336240
49792,16890104
49920,16959232
50048,17092408
50176,17055840
50304,16940432
50432,16948456
50560,17209416
50688,16930688
50816,17138008
50944,17011704
51072,17112296
51200,17160536
51328,17659216
51456,17317384
51584,17398016
51712,17655480
51840,16838680
51968,17344336
52096,16861048
52224,17174112
52352,16980424
52480,17350744
52608,16951680
52736,16933808
52864,17008536
52992,16940408
53120,16918968
53248,17386064
53376,17178352
53504,17409736
53632,17083760
53760,17041064
53888,17084352
54016,17952488
54144,17457888
54272,17493864
54400,17708360
54528,18082192
54656,16981016
54784,17112104
54912,17708736
55040,17122152
55168,17598688
55296,16951360
55424,16971736
55552,17059528
55680,16844136
55808,17373120
55936,17148464
56064,17139480
56192,16876216
56320,16942568
56448,17107728
56576,17174192
56704,17046456
56832,17140992
56960,16954808
57088,17168328
57216,17045088
57344,16850568
57472,16843920
57600,17127248
57728,17797608
57856,17425312
57984,18085088
58112,16925408
58240,17895872
58368,18005160
58496,16999424
58624,16855272
58752,16970680
58880,17476640
59008,16853336
59136,16905360
59264,16836720
59392,17376984
59520,16947360
59648,16938160
59776,17768424
59904,17060824
60032,17266704
60160,16915416
60288,16912712
60416,16979440
60544,17386440
60672,17256880
60800,17095448
60928,16853688
61056,17280000
61184,17036704
61312,17004096
61440,17056432
61568,17129600
61696,17254480
61824,17156328
61952,16869592
62080,17585608
62208,17075640
62336,17553664
62464,17219624
62592,16869112
62720,17181336
62848,17173256
62976,17241736
63104,17335984
63232,17143960
63360,17078016
63488,18366984
63616,17020272
63744,17293920
63872,21139408
64000,17457440
64128,17575592
64256,17723832
64384,17377224
64512,17888208
64640,17013144
64768,18294896
64896,17406728
65024,17341512
65152,17033056
65280,17208128
65408,17019272
65536,16897592
65664,16987120
65792,17327112
65920,17119360
66048,17260888
66176,16948104
66304,16922536
66432,17004192
66560,16913200
66688,16960728
66816,16988040
66944,17062936
67072,17921256
67200,17117104
67328,17128592
67456,17094576
67584,17091688
67712,16907288
67840,17376016
67968,16985752
68096,17163208
68224,17463536
68352,17363528
68480,17120296
68608,16875648
68736,17217008
68864,17026984
68992,17182816
69120,16846480
69248,18289984
69376,17866216
69504,18250288
69632,17398640
69760,17516976
69888,16919472
70016,17051696
70144,17241968
70272,16882904
70400,16929408
70528,16829408
70656,17275984
70784,16868416
70912,16850800
71040,17310840
71168,16895608
71296,16911328
71424,16843648
71552,17266536
71680,17102280
71808,17247256
71936,17166848
72064,17064336
72192,17173800
72320,17002056
72448,16879840
72576,17147088
72704,17388456
72832,17571352
72960,18135592
73088,17493896
73216,17294512
73344,16851856
73472,17228040
73600,17133632
73728,17522880
73856,16886080
73984,16934440
74112,17172032
74240,16966336
74368,16923072
74496,16988280
74624,17558664
74752,17266904
74880,16935016
75008,17460392
75136,16960072
75264,17072856
75392,17488312
75520,17412600
75648,18368632
75776,17236288
75904,17254264
76032,17717168
76160,17073816
76288,16956016
76416,17236616
76544,17384368
76672,17219656
76800,16959672
76928,17319208
77056,17827744
77184,16954208
77312,17287712
77440,18435888
77568,17133312
77696,17529432
77824,17494160
77952,16833976
78080,17130104
78208,17023448
78336,17342088
78464,18407888
78592,17291632
78720,17186608
78848,17096632
78976,17171120
79104,17112488
79232,17950808
79360,17104304
79488,17211984
79616,17190680
79744,17385960
79872,17477248
80000,17268832
80128,17399464
80256,17445720
80384,17204688
80512,16967728
80640,16863000
80768,17222728
80896,17605600
81024,17012080
81152,17191008
81280,17242504
81408,17131248
81536,17239552
81664,17852296
81792,17185936
81920,17677040
82048,18051480
82176,16994400
82304,17267488
82432,17484624
82560,17165968
82688,17669448
82816,17118880
82944,17300872
83072,17164640
83200,16951224
83328,17176880
83456,17193176
83584,17392072
83712,17003552
83840,17288192
83968,17098160
84096,16994248
84224,16923200
84352,16988984
84480,16970472
84608,16956856
84736,17207464
84864,17022904
84992,17066104
85120,17144216
85248,17202112
85376,16924880
85504,16944736
85632,17297712
85760,17239520
85888,17312240
86016,17133520
86144,17354288
86272,17226728
86400,17406888
86528,17307512
86656,17470328
86784,17182536
86912,18587624
87040,17315032
87168,16892136
87296,17137536
87424,17823040
87552,17028184
87680,16916296
87808,17250608
87936,17263432
88064,17189800
88192,17129616
88320,17202008
88448,17187984
88576,17209008
88704,18053968
88832,17169616
88960,17156920
89088,17030480
89216,16845544
89344,16975752
89472,17175344
89600,17176528
89728,17130648
89856,17521344
89984,17385416
90112,17208320
90240,16905888
90368,97027168
90496,17382136
90624,17191160
90752,17015944
90880,16965752
91008,17184936
91136,17042744
91264,16870760
91392,17077568
91520,17160416
91648,16960520
91776,17083136
91904,16946656
92032,16932984
92160,17314944
92288,16946272
92416,17197880
92544,16918496
92672,17188528
92800,17013808
92928,17275008
93056,17304312
93184,17330976
93312,17272344
93440,17396560
93568,16870184
93696,16866040
93824,17234488
93952,17708320
94080,17089064
94208,16979488
94336,17079960
94464,17468640
94592,16874176
94720,17919512
94848,17547280
94976,17136712
95104,16871456
95232,17101984
95360,16885896
95488,17007536
95616,16936728
95744,17142008
95872,17175336
96000,17166056
96128,16946584
96256,17287264
96384,17138232
96512,17313656
96640,17253528
96768,16921912
96896,17184040
97024,17238736
97152,18436776
97280,18159008
97408,19112752
97536,17339832
97664,17244912
97792,17306384
97920,17119640
98048,17955192
98176,18230024
98304,17521296
98432,17369440
98560,19800408
98688,17414664
98816,16972320
98944,18621312
99072,17336496
99200,19223040
99328,18004280
99456,17817328
99584,17160016
99712,96746552
99840,16870792
99968,16870896
100096,17060064
100224,16843048
100352,16840888
100480,16851096
100608,16859264
100736,16839056
100864,17025344
100992,16867584
101120,16846880
101248,16839528
101376,16862344
101504,18087968
101632,17234640
101760,16919560
101888,18296784
102016,17826672
102144,17298608
102272,16903848
102400,17310264
102528,17298984
102656,17946088
102784,17034816
102912,16900400
103040,18103472
103168,16885448
103296,17329160
103424,17475504
103552,17374352
103680,17349048
103808,17539128
103936,16938168
104064,17164768
104192,17236552
104320,17233016
104448,17247056
104576,17034904
104704,17133736
104832,16854256
104960,17182920
105088,18394952
105216,16890424
105344,16938128
105472,16945072
105600,16951656
105728,17138752
105856,16922736
105984,17158480
106112,17258848
106240,17417448
106368,17153712
106496,17210304
106624,16954912
106752,16927976
106880,18071720
107008,16932064
107136,17312224
107264,16864992
107392,17143280
107520,16900464
107648,17117200
107776,17220144
107904,17311688
108032,17134848
108160,17233768
108288,16874848
108416,16907320
108544,17252296
108672,17402320
108800,17165080
108928,17162024
109056,17281288
109184,16849136
109312,17272320
109440,16971264
109568,16903736
109696,17249432
109824,17546112
109952,17167736
110080,16910648
110208,16968208
110336,18698400
110464,16950928
110592,17449416
110720,17504776
110848,16928976
110976,17103536
111104,16951472
111232,18333816
111360,16893200
111488,16873176
111616,16964872
111744,16841848
111872,16924376
112000,17034344
112128,16929184
112256,16965272
112384,17041576
112512,16979144
112640,17032120
112768,16837840
112896,16841920
113024,16964360
113152,16855176
113280,16847872
113408,17233000
113536,16840616
113664,16860632
113792,17201200
113920,17565688
114048,17268944
114176,17207848
114304,17059744
114432,17119488
114560,16957208
114688,17252376
114816,16850968
114944,16966744
115072,17519232
115200,16949672
115328,17288776
115456,18050424
115584,16888496
115712,16870256
115840,17104064
115968,17070552
116096,16908928
116224,16852880
116352,16938928
116480,17072424
116608,17644936
116736,17397888
116864,17012904
116992,16927552
117120,17595688
117248,17339120
117376,16926304
117504,17000640
117632,16882344
117760,16906544
117888,16865720
118016,16900272
118144,17267752
118272,17260936
118400,19551480
118528,16931016
118656,16862856
118784,16955712
118912,18607864
119040,16993280
119168,17030288
119296,17850480
119424,16974120
119552,16906784
119680,16946376
119808,17298584
119936,17463720
120064,17463432
120192,17470000
120320,16977728
120448,16843176
120576,16995744
120704,17031464
120832,17294160
120960,17446520
121088,17008432
121216,17353008
121344,17294480
121472,17375488
121600,16850960
121728,16853296
121856,16862624
121984,16958080
122112,16856280
122240,17299352
122368,17345368
122496,17425040
122624,97431192
122752,17474176
122880,17467224
123008,17295544
123136,17111960
123264,17300792
123392,16976032
123520,17479600
123648,17573456
123776,17637568
123904,17319536
124032,17287336
124160,16987256
124288,16842408
124416,17320256
124544,16905944
124672,17315352
124800,17388168
124928,16940584
125056,17247584
125184,16939792
125312,16878472
125440,17195600
125568,17305552
125696,16844824
125824,16907816
125952,16925392
126080,17506128
126208,17414304
126336,16923192
126464,17213520
126592,17499872
126720,16851272
126848,17080144
126976,17098432
127104,17261208
127232,17420096
127360,16964152
127488,16951416
127616,16884312
127744,17016248
127872,17218104
