128,9877640
256,1286352912
384,10215728
512,9221600
640,9322768
768,9038912
896,9024032
1024,9300312
1152,10029600
1280,1206592536
1408,10179392
1536,9082928
1664,9024280
1792,9112640
1920,9033384
2048,10589112
2176,9113648
2304,4002063296
2432,9238848
2560,10130504
2688,10200568
2816,10168416
2944,9915432
3072,10375200
3200,10632864
3328,3921015296
3456,9932856
3584,10142136
3712,10093408
3840,10028248
3968,10023464
4096,10393216
4224,15085896
4352,4016410176
4480,21501416
4608,20203216
4736,19695216
4864,3929638936
4992,18342880
5120,18589432
5248,18577440
5376,2652869696
5504,17902712
5632,18163296
5760,17186744
5888,3929087336
6016,16984304
6144,16719456
6272,16688048
6400,16965368
6528,4007438408
6656,16800144
6784,17663352
6912,16972968
7040,2650655616
7168,16759448
7296,18649288
7424,17577464
7552,16787536
7680,4007985080
7808,16915584
7936,16693192
8064,17332528
8192,4007027576
8320,17254832
8448,16854952
8576,17748608
8704,16961312
8832,3927531728
8960,16973544
9088,16939696
9216,16938888
9344,17197176
9472,2650621704
9600,16990152
9728,17770496
9856,17873888
9984,1214287168
10112,18315328
10240,17012848
10368,18207584
10496,16914872
10624,3927460160
10752,17017016
10880,16922392
11008,17069416
11136,1294131928
11264,17131936
11392,17549632
11520,16906784
11648,16836344
11776,3932562112
11904,22507832
12032,23096768
12160,2575290224
12288,18321904
12416,17988864
12544,19669448
12672,18253584
12800,18173776
12928,19527536
13056,17883248
13184,17066904
13312,3928450208
13440,17999104
13568,18176688
13696,17971632
13824,4008875528
13952,17159464
14080,17461528
14208,16922032
14336,16905856
14464,3932753976
14592,18973688
14720,19044544
14848,17754800
14976,2664575664
15104,17081904
15232,17138576
15360,3929235048
15488,21561408
15616,21713744
15744,21134216
15872,2573909544
16000,17308240
16128,16946696
16256,19072896
16384,4007836808
16512,16826464
16640,18045352
16768,17107936
16896,16918312
17024,4008390784
17152,17014080
17280,16946304
17408,17977912
17536,2650896240
17664,18032288
17792,17658232
17920,17931416
18048,19980072
18176,1215243848
18304,17009640
18432,17788792
18560,17362232
18688,3929015048
18816,17434128
18944,17341840
19072,17172240
19200,3927885664
19328,17287992
19456,17356928
19584,17739224
19712,17285112
19840,3928910384
19968,17047096
20096,17111928
20224,16867296
20352,2652707144
20480,17290552
20608,17105256
20736,17601432
20864,16957168
20992,3928349904
21120,17055400
21248,16934520
21376,16979976
21504,2572047800
21632,17504432
21760,17387896
21888,17755104
22016,17142040
22144,4007817760
22272,17019040
22400,17031152
22528,17049280
22656,575710544
22784,16916456
22912,17087920
23040,17172272
23168,17406712
23296,16989328
23424,17063584
23552,17171352
23680,17071704
23808,17053536
23936,16936520
24064,17925520
24192,17195384
24320,17309784
24448,17762976
24576,17190320
24704,16944744
24832,17337408
24960,16946000
25088,16870128
25216,16948288
25344,17218336
25472,16990784
25600,17141768
25728,17154744
25856,17072872
25984,17899208
26112,17363888
26240,17028536
26368,17264688
26496,17399696
26624,17095768
26752,17041128
26880,17536280
27008,17105880
27136,17102944
27264,17040624
27392,17000408
27520,17511848
27648,17522384
27776,18074448
27904,17704352
28032,17172272
28160,18114088
28288,18001648
28416,17292192
28544,18229816
28672,16943432
28800,17123544
28928,17229568
29056,17512224
29184,17440688
29312,17320696
29440,17605504
29568,17527208
29696,18055216
29824,16904272
29952,17464744
30080,19571848
30208,17135808
30336,17231240
30464,17073568
30592,17729632
30720,17091664
30848,17282400
30976,17712808
31104,17433480
31232,17537784
31360,16999344
31488,16888656
31616,17852648
31744,17779704
31872,18237592
32000,18494416
32128,16961824
32256,17188096
32384,17518144
32512,17679104
32640,17241056
32768,17264456
32896,16960256
33024,16827976
33152,17066440
33280,17316128
33408,17133904
33536,17543680
33664,18020928
33792,16865496
33920,17736016
34048,17468768
34176,17104344
34304,17036760
34432,17401624
34560,17128544
34688,17592792
34816,17641512
34944,17170000
35072,16960904
35200,18442976
35328,17125016
35456,17033752
35584,16906752
35712,17305760
35840,16964920
35968,17085944
36096,18347688
36224,18105224
36352,18746872
36480,16876856
36608,16815552
36736,16918032
36864,16959864
36992,16906656
37120,16875616
37248,16953616
37376,17200048
37504,17713880
37632,16979984
37760,16896552
37888,17741856
38016,17044232
38144,17075344
38272,16927368
38400,17749024
38528,17426288
38656,16985776
38784,16993720
38912,17173936
39040,17003560
39168,17286944
39296,17084584
39424,17135232
39552,19601272
39680,17323040
39808,17187960
39936,16911264
40064,17160400
40192,17130192
40320,16929280
40448,16990160
40576,16920232
40704,16870344
40832,17317152
40960,16989968
41088,16916104
41216,16895608
41344,17816784
41472,17235192
41600,17086064
41728,18068184
41856,16903064
41984,16851592
42112,16891504
42240,16997960
42368,17746760
42496,17369968
42624,18828816
42752,17073336
42880,17731304
43008,17425056
43136,16958328
43264,16955480
43392,16995200
43520,17044616
43648,17111728
43776,18244728
43904,17648576
44032,16886592
44160,17418360
44288,16994400
44416,17581736
44544,18364424
44672,17190768
44800,17113880
44928,16935688
45056,16967048
45184,17457552
45312,17487632
45440,17077872
45568,17672808
45696,18393344
45824,16945392
45952,17218760
46080,16937608
46208,16939272
46336,16913592
46464,17158928
46592,16953240
46720,16909880
46848,18827112
46976,17216408
47104,18292624
47232,16907432
47360,16862832
47488,17247376
47616,17208184
47744,17982400
47872,17128800
48000,16918656
48128,16889152
48256,16904192
48384,17032184
48512,17366656
48640,17519824
48768,17249224
48896,16860952
49024,17774456
49152,17569408
49280,17459072
49408,17024552
49536,16990744
49664,17390192
49792,17324888
49920,17572952
50048,17218784
50176,17007776
50304,17160704
50432,18666352
50560,16897400
50688,17392776
50816,18482960
50944,17030624
51072,18935672
51200,16914424
51328,18845208
51456,17153304
51584,17885528
51712,17170032
51840,17587824
51968,17054464
52096,18553928
52224,17237800
52352,17532960
52480,16899672
52608,17785304
52736,17659968
52864,17793104
52992,17958352
53120,16943880
53248,17471480
53376,16912496
53504,16861064
53632,17121656
53760,17291632
53888,17042304
54016,17089104
54144,17092776
54272,17151096
54400,16904560
54528,18449440
54656,19010296
54784,17032480
54912,17059584
55040,17351960
55168,17188232
55296,19098976
55424,17546248
55552,17080008
55680,16885752
55808,17759000
55936,17044744
56064,17745312
56192,17281648
56320,17368248
56448,17119176
56576,18837304
56704,17085992
56832,17620040
56960,17197672
57088,16971088
57216,17337032
57344,17079952
57472,16909216
57600,18508816
57728,17503528
57856,17937008
57984,17323520
58112,17385088
58240,17433352
58368,17093704
58496,16882336
58624,17083096
58752,17329528
58880,18112200
59008,17298704
59136,17356264
59264,17050968
59392,17192736
59520,17309464
59648,17276728
59776,17146248
59904,98315872
60032,18824872
60160,16999200
60288,17106712
60416,16880688
60544,16911056
60672,18653816
60800,17709408
60928,16945232
61056,17490048
61184,17092768
61312,19485632
61440,17080432
61568,18959320
61696,17394192
61824,18045240
61952,17131752
62080,18639688
62208,17490064
62336,17067832
62464,17581024
62592,19222648
62720,17143352
62848,17081176
62976,16997120
63104,17436200
63232,18250448
63360,17536704
63488,20721192
63616,17710576
63744,17557736
63872,17311488
64000,17746728
64128,18669640
64256,17993920
64384,18981120
64512,17475112
64640,17785720
64768,17733984
64896,16952008
65024,17689448
65152,17173664
65280,17445200
65408,17584568
65536,18871744
65664,21557240
65792,17496128
65920,19908576
66048,17820520
66176,17695560
66304,17116944
66432,17411776
66560,17118904
66688,17596704
66816,17504568
66944,18374376
67072,17963960
67200,17517024
67328,18244600
67456,17388096
67584,18674504
67712,16993448
67840,19470144
67968,16888264
68096,18080352
68224,17780264
68352,17230680
68480,18137016
68608,18590992
68736,18390584
68864,22208928
68992,19943992
69120,17727600
69248,18445280
69376,19516240
69504,18142056
69632,18447544
69760,18263288
69888,17849952
70016,18342520
70144,17878496
70272,19699240
70400,17354584
70528,19615544
70656,18474160
70784,18589992
70912,20138200
71040,18293440
71168,18707344
71296,18781456
71424,18563808
71552,17487136
71680,17946200
71808,18366200
71936,18821160
72064,16946384
72192,19055472
72320,17343272
72448,18156856
72576,17420960
72704,17043704
72832,16925160
72960,17147504
73088,17088488
73216,16915104
73344,16977888
73472,17108760
73600,19533448
73728,17082048
73856,17312568
73984,17262448
74112,19724432
74240,17275104
74368,18964720
74496,17322584
74624,17965192
74752,17328064
74880,17219120
75008,17174440
75136,19183280
75264,17367360
75392,19522304
75520,17256192
75648,19125256
75776,16920616
75904,17522728
76032,17102288
76160,17295936
76288,17996512
76416,17208728
76544,17296616
76672,18634584
76800,17905752
76928,17580040
77056,19201672
77184,17108040
77312,16864352
77440,17336232
77568,17266856
77696,16956672
77824,17025048
77952,17492592
78080,17092640
78208,17169608
78336,17164976
78464,17324864
78592,17096048
78720,16946320
78848,17636416
78976,17130536
79104,17028392
79232,16865176
79360,18327800
79488,17029928
79616,16690008
79744,17499120
79872,17357768
80000,17019264
80128,16991128
80256,16905576
80384,17401496
80512,17063424
80640,19528520
80768,18396728
80896,17395248
81024,16902336
81152,18910152
81280,18393112
81408,19637456
81536,17191760
81664,17270064
81792,17049304
81920,17291296
82048,17378128
82176,17166520
82304,17971480
82432,18388016
82560,17021176
82688,17357464
82816,17202312
82944,17901880
83072,17381080
83200,19833576
83328,17360416
83456,17257280
83584,17239752
83712,17267048
83840,17455776
83968,16999752
84096,17315912
84224,18817704
84352,17219352
84480,17418616
84608,18756448
84736,17638312
84864,20008016
84992,17198696
85120,17829600
85248,17566712
85376,17803640
85504,17234752
85632,17964744
85760,17390088
85888,17348960
86016,17279096
86144,17173744
86272,17593296
86400,16898128
86528,19961112
86656,18403992
86784,18035480
86912,17006648
87040,16950256
87168,17411456
87296,17122320
87424,18098048
87552,18959296
87680,17655976
87808,17788440
87936,17427904
88064,19327992
88192,17974744
88320,19752144
88448,17488416
88576,17467024
88704,17616560
88832,18312696
88960,17828936
89088,17598464
89216,19203480
89344,20041456
89472,18390376
89600,19096392
89728,17330760
89856,18495752
89984,19130664
90112,18429480
90240,18355960
90368,17958712
90496,17272216
90624,17964808
90752,17624736
90880,17307016
91008,17661280
91136,17782592
91264,17717432
91392,16937616
91520,17952880
91648,17321272
91776,17918808
91904,17623744
92032,17322728
92160,18523848
92288,19113120
92416,19068192
92544,17751000
92672,17574952
92800,18668024
92928,17514184
93056,16932400
93184,18614024
93312,18524112
93440,17485584
93568,17262992
93696,17468808
93824,16996592
93952,16864352
94080,16894336
94208,17415040
94336,16892928
94464,17034544
94592,17622952
94720,16878744
94848,17272808
94976,17424936
95104,17016072
95232,17280608
95360,16891624
95488,17234344
95616,17242384
95744,18464176
95872,17719728
96000,18011936
96128,18178416
96256,17699760
96384,17739568
96512,17385632
96640,17570296
96768,16864008
96896,17676192
97024,18272576
97152,17962632
97280,17790528
97408,16974912
97536,17352168
97664,17243672
97792,17676488
97920,17405424
98048,17140744
98176,17479544
98304,18367632
98432,18220296
98560,19119208
98688,17495912
98816,17949744
98944,17343080
99072,17138608
99200,18145512
99328,17510832
99456,17707784
99584,18147328
99712,17337104
99840,16934432
99968,17118472
100096,17519640
100224,18253656
100352,17848784
100480,17123168
100608,17396144
100736,17923872
100864,19299536
100992,28402640
101120,20600528
101248,29092136
101376,25087680
101504,19152680
101632,17943496
101760,18560576
101888,17758048
102016,19027784
102144,18395352
102272,17396064
102400,17276856
102528,20662768
102656,17771336
102784,20668776
102912,18591872
103040,17497776
103168,21059968
103296,20738336
103424,22941224
103552,17077280
103680,19187656
103808,18180920
103936,17169624
104064,17603472
104192,17465120
104320,17239616
104448,17572200
104576,22789552
104704,22690064
104832,29030304
104960,26711944
105088,29062704
105216,29213400
105344,29292200
105472,28666352
105600,29983232
105728,26626472
105856,32857368
105984,26456600
106112,26086632
106240,25776672
106368,27045384
106496,26605456
106624,27030760
106752,27928808
106880,27562576
107008,26469248
107136,26123616
107264,27951984
107392,29223504
107520,26385776
107648,26896984
107776,27187672
107904,31567880
108032,27971336
108160,27699256
108288,27452560
108416,30493216
108544,29650600
108672,27454240
108800,31053032
108928,32815592
109056,28006632
109184,29840816
109312,29222328
109440,28918520
109568,29525584
109696,26194960
109824,28436808
109952,29147416
110080,34207488
110208,31509704
110336,28695448
110464,31018304
110592,29233984
110720,29732464
110848,28691992
110976,35030384
111104,34133504
111232,63376000
111360,57789536
111488,40536768
111616,29312704
111744,27929240
111872,29670656
112000,26848544
112128,27415000
112256,25557960
112384,25578376
112512,26426352
112640,28696640
112768,31012376
112896,46561520
113024,38522960
113152,53080544
113280,66193744
113408,67800976
113536,96207328
113664,45266216
113792,37740536
113920,36255240
114048,48305176
114176,30001416
114304,33924152
114432,34911688
114560,35784296
114688,33672248
114816,28350976
114944,33095840
115072,26032232
115200,32695952
115328,30415496
115456,25413432
115584,52305544
115712,58898160
115840,40696888
115968,30667656
116096,101935504
116224,36568552
116352,38936840
116480,36204216
116608,43361480
116736,51634880
116864,49772488
116992,44596440
117120,41621448
117248,40119376
117376,49926248
117504,48402192
117632,50598080
117760,45794624
117888,56034432
118016,47854128
118144,35692064
118272,40843768
118400,48781760
118528,69165824
118656,50697944
118784,50858144
118912,46572568
119040,47166272
119168,51295880
119296,49355992
119424,46577600
119552,43004400
119680,46559752
119808,45382584
119936,45568136
120064,41386856
120192,50524400
120320,68090504
120448,63057104
120576,59292864
120704,55354688
120832,62519456
120960,60127728
121088,60807552
121216,50893816
121344,54809224
121472,55794384
121600,71293552
121728,53714072
121856,54367904
121984,54428304
122112,59593712
122240,59734288
122368,62190720
122496,62436664
122624,73704048
122752,62401464
122880,61741152
123008,53720160
123136,60684216
123264,66805024
123392,53953408
123520,60996456
123648,64482816
123776,59836968
123904,60270712
124032,59406992
124160,47898000
124288,51101280
124416,67183800
124544,66657904
124672,61315032
124800,63586776
124928,59954808
125056,67611920
125184,61307656
125312,61666152
125440,68723128
125568,57125704
125696,58425080
125824,61304464
125952,57080584
126080,54878856
126208,58563328
126336,57916008
126464,57648320
126592,53014752
126720,47850240
126848,57742040
126976,58409624
127104,59300248
127232,60552896
127360,60555688
127488,52161480
127616,53965184
127744,68910032
127872,58767632
128000,60454000
128128,52901680
128256,54217680
128384,71553288
128512,77508816
128640,64814896
128768,51649664
128896,52489704
129024,56699088
129152,64485920
129280,62736016
129408,61068248
129536,64624672
129664,62933112
129792,68023400
129920,67635904
130048,70128360
130176,65044888
130304,50781328
130432,55896248
130560,63394424
130688,63288184
130816,63345944
130944,61006176
131072,66978200
131200,68133512
131328,67688864
131456,152907752
131584,65229160
131712,69230152
131840,73823824
131968,69804912
132096,81738504
132224,70491840
132352,68806912
132480,78246304
132608,76319288
132736,72541216
132864,67553128
132992,70255728
133120,75242576
133248,68341168
133376,75089120
133504,73155536
133632,77380944
133760,74249176
133888,72752656
134016,67940984
134144,65273056
134272,74782192
134400,75797520
134528,72938080
134656,70207024
134784,68835904
134912,77657632
135040,63286208
135168,72535032
135296,70879232
135424,70372464
135552,73849656
135680,69069112
135808,74736112
135936,67095200
136064,65591896
136192,71821200
136320,71344872
136448,72115936
136576,73686616
136704,74166568
136832,71549984
136960,236252448
137088,65807520
137216,66643216
137344,71207328
137472,65415240
1376