200,8378230
400,11383120
600,8265530
800,8293630
1000,8324700
1200,8329580
1400,8341500
1600,8308270
1800,8284290
2000,8311410
2200,8350200
2400,8270810
2600,8344950
2800,8333210
3000,8286360
3200,8279550
3400,8342920
3600,8344910
3800,8304820
4000,8265920
4200,8319860
4400,8321880
4600,8375460
4800,8279650
5000,8289030
5200,8522830
5400,8473480
5600,8266330
5800,8472600
6000,8506810
6200,8473180
6400,8322490
6600,8477740
6800,8460110
7000,8447500
7200,8346140
7400,8467490
7600,8581520
7800,8460750
8000,8272250
8200,8593520
8400,10586070
8600,11898910
8800,12973270
9000,14420950
9200,15372080
9400,15494030
9600,15434250
9800,15446070
10000,15502860
10200,15413550
10400,15411860
10600,15470420
10800,15511300
11000,15398480
11200,15534220
11400,15688230
11600,15540660
11800,15591220
12000,15400900
12200,15459350
12400,15493490
12600,15449520
12800,15419780
13000,15406870
13200,15519190
13400,15513920
13600,15410860
13800,15468140
14000,15426540
14200,15394540
14400,15448030
14600,15412240
14800,15516270
15000,15393410
15200,15507270
15400,15511060
15600,15431750
15800,15472020
16000,15449280
16200,15392290
16400,15493100
16600,15464850
16800,15394440
17000,15416430
17200,15482360
17400,16568420
17600,15432730
17800,15495860
18000,15489380
18200,15426860
18400,15448500
18600,15491870
18800,15524670
19000,15476650
19200,15518150
19400,15427090
19600,15462820
19800,15457810
20000,15493490
20200,15490450
20400,15491210
20600,15589120
20800,15494830
21000,15460020
21200,15522180
21400,15487780
21600,15455020
21800,15537740
22000,15475870
22200,15465900
22400,15437180
22600,15458930
22800,15486820
23000,15499050
23200,15481010
23400,15504610
23600,15491140
23800,15510650
24000,15523390
24200,15457700
24400,15535390
24600,15514980
24800,15495200
25000,15527780
25200,15498900
25400,15514380
25600,15528270
25800,15592470
26000,15575130
26200,15446430
26400,15467650
26600,15493740
26800,15473650
27000,15508100
27200,15456610
27400,15436400
27600,15497380
27800,15477010
28000,15494290
28200,15468570
28400,15534760
28600,15488170
28800,15464080
29000,15510110
29200,15539760
29400,15454910
29600,15517400
29800,15457450
30000,15488170
30200,15461140
30400,15445640
30600,15573900
30800,15549280
31000,15484880
31200,15494030
31400,15456030
31600,15515780
31800,15522610
32000,15442110
32200,15503280
32400,15476510
32600,15968660
32800,15444650
33000,15469650
33200,15556480
33400,15484420
33600,15490880
33800,15520730
34000,15488470
34200,15569530
34400,15524080
34600,15461060
34800,15635080
35000,15465090
35200,15429090
35400,15481520
35600,15505140
35800,15561950
36000,15479680
36200,15529760
36400,15554520
36600,15466710
36800,15485900
37000,15515380
37200,15498310
37400,15615150
37600,15436710
37800,15467480
38000,15503030
38200,15539000
38400,15562730
38600,15541230
38800,15538120
39000,15530680
39200,15451680
39400,15518300
39600,15580810
39800,15475540
40000,15532140
40200,15466910
40400,15523160
40600,15515470
40800,15456790
41000,15583250
41200,15540630
41400,15529440
41600,15496410
41800,15439290
42000,15538940
42200,15533120
42400,15438050
42600,15524060
42800,15497130
43000,15444470
43200,15469980
43400,15461090
43600,15570760
43800,16233010
44000,15764970
44200,17244540
44400,16900760
44600,16593330
44800,16204610
45000,16640110
45200,16571890
45400,16558790
45600,16053960
45800,16575200
46000,16417140
46200,16534340
46400,16373820
46600,16588470
46800,16618830
47000,17752780
47200,16597300
47400,19847230
47600,16407570
47800,16504910
48000,15983250
48200,15472890
48400,15623930
48600,15525850
48800,15485200
49000,15510310
49200,15504710
49400,15566470
49600,15581610
49800,15486030
50000,15638750
50200,15546400
50400,15459510
50600,15497620
50800,15513400
51000,15558170
51200,15500620
51400,15537790
51600,15545040
51800,15464550
52000,15506210
52200,15528810
52400,15500340
52600,15538690
52800,15458130
53000,15473040
53200,15511760
53400,15539950
53600,15458790
53800,15465650
54000,15560100
54200,15479430
54400,15445170
54600,15539360
54800,15511410
55000,15522520
55200,15542000
55400,15487620
55600,15491330
55800,15537020
56000,15537380
56200,15480960
56400,15573940
56600,15547090
56800,15458540
57000,15564840
57200,15586920
57400,15486710
57600,15511910
57800,15496930
58000,15522580
58200,15495860
58400,15601940
58600,15599830
58800,15490070
59000,15614220
59200,15579940
59400,15501090
59600,15610260
59800,15734130
60000,15467580
60200,15620080
60400,15536320
60600,15467240
60800,15432590
61000,15612560
61200,15619080
61400,15563510
61600,17138410
61800,19469200
62000,19560540
62200,20918670
62400,21819820
62600,22232490
62800,22020370
63000,22240160
63200,22025900
63400,22172760
63600,22069570
63800,22292450
64000,21998130
64200,22094850
64400,21961760
64600,22013070
64800,21859900
65000,22061950
65200,21915440
65400,22004850
65600,21796110
65800,21963880
66000,21732920
66200,21962960
66400,21686480
66600,21884910
66800,21799930
67000,21940600
67200,22091050
67400,21981700
67600,15635760
67800,21800540
68000,21617240
68200,21739920
68400,21598970
68600,21971090
68800,21656930
69000,21861900
69200,21563620
69400,21688080
69600,21628460
69800,21686480
70000,21470180
70200,21767170
70400,21532340
70600,21528740
70800,21405810
71000,21812680
71200,21275050
71400,21500490
71600,21309100
71800,21392830
72000,21152690
72200,21520010
72400,22903060
72600,21402950
72800,21194450
73000,21395070
73200,21380850
73400,21297060
73600,21150400
73800,21255400
74000,21308950
74200,21324940
74400,21097500
74600,21316580
74800,21096470
75000,21287000
75200,21001640
75400,21254240
75600,21013620
75800,21315520
76000,21019680
76200,21135030
76400,21026100
76600,21212870
76800,20995330
77000,21300660
77200,21078470
77400,21001330
77600,21069280
77800,20883930
78000,21018690
78200,20956130
78400,20782640
78600,20848050
78800,20891670
79000,20821810
79200,20705390
79400,20872300
79600,20991540
79800,20883110
80000,20905560
80200,20892900
80400,20673580
80600,20841620
80800,20620440
81000,20862790
81200,20620450
81400,20890990
81600,20507620
81800,20971160
82000,20630740
82200,20800720
82400,20451330
82600,20813440
82800,20556340
83000,20712040
83200,21515610
83400,20813440
83600,20610560
83800,20652850
84000,20897870
84200,22610230
84400,20635200
84600,20666610
84800,20473990
85000,21389770
85200,20658170
85400,22685750
85600,20884430
85800,20624180
86000,20526940
86200,20883490
86400,20825360
86600,27120520
86800,20403420
87000,20635440
87200,20297740
87400,20484320
87600,20323210
87800,20387790
88000,20722400
88200,29137190
88400,27340750
88600,25799440
88800,24521800
89000,28913700
89200,26350290
89400,29605520
89600,28912380
89800,20372900
90000,20434390
90200,20283400
90400,20206900
90600,20476340
90800,20278210
91000,20415270
91200,20186160
91400,20378990
91600,20292050
91800,20176710
92000,20256530
92200,20410580
92400,20093630
92600,20320880
92800,20088950
93000,20359710
93200,20065210
93400,20301220
93600,21674210
93800,20230330
94000,20048560
94200,20321860
94400,20059820
94600,20175260
94800,20145870
95000,20361430
95200,20125210
95400,20156000
95600,19990890
95800,20400510
96000,20026670
96200,20112360
96400,20021400
96600,19991220
96800,19943470
97000,20064780
97200,20007300
97400,20087530
97600,19972060
97800,20205890
98000,20048720
98200,19986890
98400,19925990
98600,19968280
98800,20098570
99000,20002820
99200,19852470
99400,20406900
99600,20401110
99800,20299710
100000,20410180
100200,20620540
100400,20872460
100600,20809530
100800,20551300
101000,20811380
101200,20735470
101400,24898390
101600,20568510
101800,21406810
102000,20747820
102200,20824930
102400,20523450
102600,20853200
102800,20577360
103000,21174130
103200,20395430
103400,20744900
103600,20804340
103800,20746180
104000,20545150
104200,20911760
104400,23017790
104600,20576680
104800,20623360
105000,20678280
105200,20652560
105400,20970600
105600,20496930
105800,21556730
106000,20651620
106200,21298540
106400,20557940
106600,20835620
106800,20560950
107000,20601010
107200,20297740
107400,20524960
107600,20438880
107800,21318060
108000,20439490
108200,20707120
108400,20358210
108600,21078260
108800,21589860
109000,22547990
109200,23074870
109400,23752120
109600,24115120
109800,24352570
110000,24349930
110200,24308340
110400,23777430
110600,24177170
110800,24109450
111000,24165480
111200,23918300
111400,24150300
111600,23948380
111800,24129850
112000,23847870
112200,24343650
112400,31905050
112600,24304160
112800,24028320
113000,24454490
113200,23894160
113400,36617320
113600,41500510
113800,33011280
114000,28268960
114200,26088470
114400,26669830
114600,27556680
114800,27198480
115000,27688910
115200,27065430
115400,27580020
115600,27458870
115800,27688070
116000,26996830
116200,27334980
116400,27496470
116600,27183300
116800,27092360
117000,27225430
117200,27066820
117400,30579470
117600,27468060
117800,27595920
118000,26851390
118200,28661460
118400,29341020
118600,28416480
118800,27145620
119000,27773510
119200,35813020
119400,27044660
119600,26933780
119800,27174220
120000,26650550
120200,27176610
120400,26535780
120600,27585790
120800,26813940
121000,27288440
121200,26842160
121400,27054790
121600,26762520
121800,26953900
122000,27616390
122200,29377030
122400,26632930
122600,26829860
122800,26970970
123000,26905980
123200,26588850
123400,27164110
123600,26510870
123800,26890780
124000,26465020
124200,26838460
124400,26574040
124600,26814810
124800,26430820
125000,27178240
125200,27324010
125400,28501340
125600,28621660
125800,29840660
126000,30300140
126200,31082460
126400,31078530
126600,32127360
126800,32283750
127000,33086820
127200,32522680
127400,33277660
127600,33105140
127800,33361160
128000,32506350
128200,32889580
128400,32656510
128600,33230670
128800,32457840
129000,32962120
129200,32362810
129400,32755560
129600,36721600
129800,32874810
130000,32150660
130200,33121520
130400,32445730
130600,32644230
130800,32392250
131000,33170650
131200,32578450
131400,33921370
131600,33956060
131800,35046030
132000,34961750
132200,36503000
132400,36285040
132600,37238010
132800,37985650
133000,40123150
133200,38639390
133400,38449610
133600,37880630
133800,39096240
134000,38017210
134200,38626420
134400,37818400
134600,38451510
134800,37978430
135000,38278980
135200,27159120
135400,27197130
135600,26593550
135800,27149930
136000,26705620
136200,29999120
136400,26768480
136600,27218020
136800,26612390
137000,27191570
137200,26653110
137400,27945340
137600,29624520
137800,30224470
138000,29939140
138200,29799080
138400,29407030
138600,29595950
138800,29626110
139000,29026310
139200,29896680
139400,30025670
139600,29931580
139800,30140660
140000,29979800
140200,30656320
140400,30484840
140600,29940600
140800,29624360
141000,30024680
141200,30102380
141400,30475070
141600,29874000
141800,32200600
142000,29827540
142200,30039250
142400,30963070
142600,35251350
142800,31724410
143000,30859740
143200,30528810
143400,39578940
143600,32993000
143800,30783880
144000,30473420
144200,30889040
144400,31733220
144600,32269160
144800,30890480
145000,32737070
145200,31647830
145400,32935280
145600,30836250
145800,33286430
146000,30259910
146200,31553850
146400,31841910
146600,31514160
146800,31709500
147000,31192820
147200,30814870
147400,31504660
147600,31200040
147800,32799360
148000,34378360
148200,32369110
148400,37692550
148600,31911000
148800,30690710
149000,30805960
149200,29914420
149400,30481180
149600,30148200
149800,30491810
150000,29999350
150200,30128910
150400,31783160
150600,29970120
150800,30030040
151000,30227750
151200,29632710
151400,30080610
151600,29596950
151800,30028180
152000,29850880
152200,29912280
152400,29580010
152600,30323280
152800,29570850
153000,30079300
153200,29672660
153400,30418120
153600,30065380
153800,30295820
154000,29963650
154200,30161220
154400,29907330
154600,30369550
154800,29646990
155000,29874440
155200,29428230
155400,29898860
155600,29291630
155800,29668830
156000,27923200
156200,33482840
156400,29897750
156600,29931580
156800,29439300
157000,29979760
157200,29993160
157400,30549060
157600,30220680
157800,33122090
158000,31945550
158200,33048160
158400,32164200
158600,33196360
158800,32229360
159000,32919600
159200,31949930
159400,32741310
159600,32156670
159800,32907500
160000,31755550
160200,32574100
160400,31948120
160600,32969140
160800,32047180
161000,32725280
161200,32081320
161400,32708890
161600,31557100
161800,32315700
162000,31839910
162200,32623330
162400,31657350
162600,32370750
162800,31569370
163000,32037990
163200,31727200
163400,32617820
163600,32179810
163800,32052220
164000,31383990
164200,32186640
164400,34742440
164600,32067660
164800,31368380
165000,36860120
165200,31872610
165400,32253820
165600,33045840
165800,37384160
166000,31846240
166200,32147440
166400,37829630
166600,31938430
166800,31844820
167000,32116590
167200,31973780
167400,32063460
167600,31920260
167800,33279400
168000,32066870
168200,32560570
168400,31765200
168600,32167510
168800,32011090
169000,32863290
169200,31734380
169400,32744120
169600,31553130
169800,32134830
170000,31734290
170200,32554900
170400,31484770
170600,31367820
170800,31651430
171000,32009980
171200,33861870
171400,34829570
171600,33294490
171800,34773560
172000,33806220
172200,34566630
172400,32948070
172600,34305470
172800,33744630
173000,34121810
173200,33660110
173400,34530620
173600,34280680
173800,34268750
174000,33733080
174200,34622590
174400,34481750
174600,37034260
174800,35994770
175000,36306230
175200,35827750
175400,36785200
175600,36699440
175800,41663430
176000,36184730
176200,36770950
176400,35785930
176600,37392920
176800,36000600
177000,36966680
177200,38913600
177400,36228790
177600,36005970
177800,37160270
178000,37173550
178200,37344880
178400,36142150
178600,36627130
178800,36384960
179000,36287550
179200,36444970
179400,36842900
179600,36428640
179800,37306370
180000,36194670
180200,36870800
180400,36406510
180600,36801210
180800,36369940
181000,36774710
181200,36247870
181400,36441850
181600,36084050
181800,36452320
182000,36571700
182200,36860310
182400,36342400
182600,36518330
182800,36667220
183000,36757600
183200,39421530
183400,36788000
183600,36788190
183800,37492660
184000,36292490
184200,37289300
184400,37160580
184600,38912440
184800,38709430
185000,39174870
185200,38692550
185400,39081680
185600,42370910
185800,39936770
186000,40312680
186200,43284960
186400,38822250
186600,40127480
186800,54042530
187000,39438240
187200,38270610
187400,39163870
187600,38930830
187800,39830380
188000,38768360
188200,39137410
188400,38363250
188600,40874850
188800,42696550
189000,41616890
189200,40414210
189400,41473150
189600,40452540
189800,41231250
190000,40432650
190200,40934490
190400,40379920
190600,41299200
190800,40408100
191000,41509670
191200,40280560
191400,41324490
191600,40773640
191800,41015800
192000,40365510
192200,41400100
192400,40946620
192600,42127080
192800,42494510
193000,43258280
193200,43046360
193400,43664010
193600,42352470
193800,43096730
194000,45122330
194200,43374060
194400,42774910
194600,43325100
194800,41373810
195000,44215210
195200,42723450
195400,43592400
195600,42832940
195800,43700070
196000,42490220
196200,43325510
196400,43391170
196600,44052070
196800,42774810
197000,43663370
197200,43460130
197400,43324660
197600,43007500
197800,43605130
198000,42957890
198200,43246750
198400,43078670
198600,43758330
198800,42873730
199000,46249680
199200,42819570
199400,43612540
199600,43230440
199800,43934020
200000,42771580
200200,43891960
200400,42541670
200600,43261530
200800,42259640
201000,44324050
201200,42981830
201400,43612900
201600,42786920
201800,44295150
202000,42876160
202200,43603710
202400,42673990
202600,43428990
202800,48113360
203000,44225990
203200,44336470
203400,48777550
203600,43505280
203800,55824670
204000,45529150
204200,44168850
204400,43694020
204600,44386590
204800,43818960
205000,44523080
205200,43685150
205400,44196230
205600,43527930
205800,43905880
206000,43824620
206200,44185220
206400,42960950
206600,44276270
206800,43090870
207000,44429820
207200,41929590
207400,43850280
207600,43019880
207800,44407440
208000,43154580
208200,44041280
208400,43267010
208600,43927040
208800,42757870
209000,46225430
209200,43164830
209400,43750500
209600,42505920
209800,43856260
210000,43389700
210200,43341500
210400,43054800
210600,43536980
210800,42579660
211000,43993060
211200,42931450
211400,43981150
211600,42831520
211800,43464440
212000,43083470
212200,45900690
212400,44811220
212600,46751430
212800,46707360
213000,47619210
213200,46367590
213400,47681070
213600,45869390
213800,51049800
214000,46122930
214200,47177780
214400,45618800
214600,46570350
214800,46380920
215000,46920160
215200,45458970
215400,46452890
215600,45683540
215800,46968650
216000,45866870
216200,46396440
216400,46220020
216600,45752300
216800,45172570
217000,46471920
217200,46076120
217400,46384550
217600,45302190
217800,46562380
218000,45704260
218200,46202340
218400,45575500
218600,48680330
218800,48175980
219000,47893040
219200,46502490
219400,49764320
219600,46001960
219800,50150190
220000,50243120
220200,46392860
220400,45189720
220600,45996590
220800,45714390
221000,46350490
221200,45025220
221400,45627570
221600,45299000
221800,45859150
222000,45148970
222200,45873620
222400,44927820
222600,46404400
222800,44670680
223000,45550490
223200,47252410
223400,46047220
223600,44597780
223800,46186500
224000,44681670
224200,46460410
224400,44389000
224600,45520260
224800,45281150
225000,46439750
225200,44181730
225400,48202280
225600,44919180
225800,45615940
226000,43712230
226200,45557010
226400,44408980
226600,44286980
226800,49930270
227000,45055440
227200,44344300
227400,45990820
227600,45864970
227800,47498050
228000,51686220
228200,47219570
228400,46352890
228600,48374310
228800,46012640
229000,46675770
229200,45941990
229400,47479790
229600,45964000
229800,47455390
230000,46126480
230200,46520940
230400,46225610
230600,45772270
230800,46405860
231000,47183680
231200,45850240
231400,46984380
231600,47047970
231800,46906220
232000,46269130
232200,46878190
232400,46206910
232600,49995730
232800,46178520
233000,46909890
233200,46173760
233400,46830670
233600,46142410
233800,46723060
234000,46256600
234200,46446480
234400,50841250
234600,47267930
234800,47436850
235000,52104560
235200,45720230
235400,59188880
235600,45508010
235800,46713480
236000,45263260
236200,46990020
236400,46345530
236600,47073330
236800,45460340
237000,47721620
237200,48243890
237400,46891690
237600,45207340
237800,45926770
238000,45345290
238200,45549780
238400,44887710
238600,46457900
238800,45857700
239000,46536690
239200,45981540
239400,46615710
239600,46085150
239800,46882970
240000,46037640
240200,47353230
240400,45663950
240600,46633120
240800,46227190
241000,49330560
241200,47897840
241400,48448290
241600,47390710
241800,51658100
242000,51926290
242200,49887650
242400,48873200
242600,50915540
242800,49359260
243000,52500620
243200,49591200
243400,51879640
243600,50759160
243800,52949570
244000,49888700
244200,51375030
244400,50429370
244600,51667910
244800,50795690
245000,51240730
245200,50524600
245400,51487380
245600,50340390
245800,51544840
246000,52516250
246200,50677870
246400,50204270
246600,51205020
246800,50159300
247000,51664160
247200,49633550
247400,51059530
247600,50639400
247800,51085280
248000,49745550
248200,51106730
248400,50884070
248600,50803710
248800,49699130
249000,51167800
249200,56956460
249400,50695720
249600,53084730
249800,52918100
250000,59373320
250200,53066900
250400,49955350
250600,51068370
250800,50056380
251000,51847170
251200,49924030
251400,51341880
251600,50405740
251800,51287200
252000,49937390
252200,52623780
252400,51302840
252600,52479810
252800,51479360
253000,52217020
253200,51517140
253400,52816980
253600,51018030
253800,51761270
254000,52012220
254200,52653700
254400,52978320
254600,52188560
254800,50740090
255000,52204110
255200,52427260
255400,53483140
255600,52787060
255800,53583330
256000,52042930
256200,53164660
256400,51985140
256600,52978670
256800,52028670
257000,54184800
257200,52902080
257400,52670290
257600,53713560
257800,54487870
258000,52933190
258200,53972810
258400,54245700
258600,58391610
258800,54285650
259000,55541880
259200,53927730
259400,54657550
259600,54120770
259800,55259930
260000,53656110
260200,55775930
260400,54786380
260600,56008640
260800,53729700
261000,55479890
261200,54957120
261400,55513530
261600,53945380
261800,55982010
262000,54976400
262200,55004270
262400,56806230
262600,56761270
262800,58461240
263000,57025040
263200,58732230
263400,55618980
263600,64962530
263800,55799250
264000,54331590
264200,55335000
264400,54650840
264600,55971040
264800,59434270
265000,98184060
265200,105680520
265400,92188450
265600,82381260
265800,80345610
266000,94300460
266200,61592260
266400,56774290
266600,58575950
266800,56473920
267000,58851260
267200,57303360
267400,58663060
267600,58316810
267800,59369970
268000,56760360
268200,58659700
268400,62257870
268600,59115890
268800,60541300
269000,60298960
269200,59395330
269400,61764140
269600,58873790
269800,60925100
270000,59121130
270200,60725430
270400,58922370
270600,61557200
270800,60043760
271000,61479320
271200,59706470
271400,61726330
271600,60756600
271800,61517330
272000,59792490
272200,63836650
272400,61581980
272600,61780140
272800,59919420
273000,63753330
273200,59898180
273400,61724280
273600,60068900
273800,61133320
274000,60456180
274200,61318550
274400,64412900
274600,63372280
274800,65048780
275000,63240060
275200,69915520
275400,62643900
275600,60684690
275800,63800150
276000,60561010
276200,62363170
276400,63627800
276600,63074800
276800,60720840
277000,62440060
277200,61953620
277400,62874510
277600,60960530
277800,62931970
278000,62167910
278200,63346540
278400,61290530
278600,62668920
278800,60888000
279000,63151330
279200,59907390
279400,62442900
279600,61783850
279800,62446200
280000,62046370
280200,63484950
280400,60721680
280600,62293890
280800,61324460
281000,63062850
281200,60910360
281400,63249690
281600,61550580
281800,63254540
282000,61831590
282200,62953560
282400,60687580
282600,63637790
282800,61408020
283000,62570850
283200,61227600
283400,63363980
283600,63432940
283800,63624750
284000,61758320
284200,62691560
284400,61741610
284600,62608670
284800,60875770
285000,63803560
285200,61480150
285400,63192600
285600,61541040
285800,62450880
286000,62804750
286200,66462850
286400,64673680
286600,64264770
286800,71592900
287000,64593010
287200,60619650
287400,63580290
287600,61718190
287800,63021040
288000,63073730
288200,63991870
288400,62095060
288600,64689980
288800,62272160
289000,64108290
289200,63021760
289400,63673590
289600,62128430
289800,65012650
290000,62557350
290200,63662280
290400,64850780
290600,64418830
290800,62107180
291000,65202020
291200,63415500
291400,64189200
291600,63738650
291800,66072430
292000,66580290
292200,66679520
292400,65102150
292600,66387520
292800,65169080
293000,66791620
293200,64279060
293400,65979110
293600,64357090
293800,69035790
294000,64998020
294200,66240700
294400,64427590
294600,66730070
294800,64348670
295000,66711480
295200,64987130
295400,66713230
295600,68023950
295800,66251200
296000,64288640
296200,68195740
296400,65467660
296600,67429050
296800,74650490
297000,68046940
297200,66782480
297400,71181920
297600,78008520
297800,107615340
298000,76655310
298200,67597920
298400,66508170
298600,68444280
298800,66209320
299000,68920980
299200,66578400
299400,68551610
299600,66249330
299800,67641150
300000,66858410
300200,70781040
300400,65972670
300600,69777340
300800,66340190
301000,76772530
301200,68613620
301400,68445480
301600,66296970
301800,69137010
302000,66060640
302200,69148680
302400,84651940
302600,79265860
302800,77987910
303000,77072710
303200,76942290
303400,74828940
303600,68328540
303800,68910670
304000,66120380
304200,69132480
304400,66166010
304600,67821100
304800,66709900
305000,68548650
305200,66512910
305400,69121060
305600,66762350
305800,70165850
306000,67165090
306200,68743480
306400,66688090
306600,68943060
306800,66668060
307000,69080780
307200,77895880
307400,90394890
307600,94233140
307800,94169570
308000,88331040
308200,83566220
308400,87268900
308600,78617850
308800,81407880
309000,80744760
309200,73843060
309400,83697730
309600,76388400
309800,79195550
310000,79468620
310200,79968980
310400,99812190
310600,92354480
310800,74286050
311000,76801270
311200,73425030
311400,73673600
311600,70526580
311800,73113350
312000,70220470
312200,73030940
312400,70452490
312600,72582820
312800,70654580
313000,73054150
313200,70412860
313400,74031430
313600,70884960
313800,72530120
314000,70226360
314200,72718860
314400,70006320
314600,72505920
314800,70748370
315000,73328500
315200,70917070
315400,74133250
315600,70694040
315800,72844250
316000,71054120
316200,73376370
316400,71063280
316600,72962320
316800,70716210
317000,72725040
317200,76011580
317400,73988670
317600,73732840
317800,76523620
318000,72252430
318200,73492780
318400,71608930
318600,73786020
318800,70997260
319000,73700230
319200,71603520
319400,73932650
319600,70990630
319800,73467910
320000,71551290
320200,73479280
320400,73071380
320600,73274170
320800,71442160
321000,74421470
321200,71532650
321400,74081400
321600,71289040
321800,74201410
322000,72284130
322200,74123910
322400,71457060
322600,74086760
322800,71665860
323000,74989080
323200,71290070
323400,76481700
323600,72349650
323800,73332920
324000,72207410
324200,73998350
324400,71768560
324600,73809570
324800,70953100
325000,74210550
325200,71578090
325400,74932100
325600,71546000
325800,73381460
326000,71376010
326200,74516800
326400,71093940
326600,74415230
326800,71242580
327000,73997240
327200,76232370
327400,75341180
327600,75297450
327800,78818750
328000,74508420
328200,73723780
328400,71065720
328600,74010790
328800,70913000
329000,73460570
329200,71806740
329400,73070410
329600,71100470
329800,73533150
330000,71242300
330200,73069550
330400,72454230
330600,73339460
330800,71556430
331000,73440990
331200,71229800
331400,73639370
331600,70886750
331800,74087290
332000,71165950
332200,77055220
332400,71467420
332600,73180870
332800,71772890
333000,73640100
333200,71200960
333400,74916240
333600,71103230
333800,74076390
334000,71712150
334200,73579370
334400,71405890
334600,73533250
334800,71880320
335000,73935260
335200,70811050
335400,75372820
335600,71519920
335800,73253330
336000,71764870
336200,73446620
336400,71366340
336600,73531790
336800,70735780
337000,74356740
337200,77100450
337400,75467210
337600,74419440
337800,82229100
338000,72144260
338200,73344370
338400,71841920
338600,74350410
338800,71067170
339000,74541990
339200,71753960
339400,74741680
339600,72743970
339800,74384580
340000,73010740
340200,74267300
340400,73347050
340600,75108710
340800,72096380
341000,76077000
341200,72538190
341400,74328250
341600,72026150
341800,80335330
342000,73516010
342200,75979630
342400,73188670
342600,75763440
342800,74563480
343000,75627310
343200,74163980
343400,76407040
343600,73657470
343800,76433260
344000,73195880
344200,76253130
344400,74303550
344600,76412180
344800,74773950
345000,76634150
345200,76160300
345400,76173470
345600,73664810
345800,77017020
346000,74717600
346200,76988210
346400,74264050
346600,76416340
346800,75238640
347000,81501590
347200,83339730
347400,79938540
347600,83527410
347800,76884190
348000,74784870
348200,77415210
348400,73424270
348600,77111600
348800,74788440
349000,76765210
349200,74430330
349400,77369160
349600,75517020
349800,77946780
350000,75917500
350200,78024690
350400,77578200
350600,77692620
350800,75713240
351000,77852770
351200,75530420
351400,78606120
351600,79989330
351800,78074280
352000,76575590
352200,79447910
352400,76518340
352600,79427800
352800,77292610
353000,79276990
353200,76617500
353400,79354540
353600,76583940
353800,79072570
354000,76594400
354200,79127140
354400,77063670
354600,80509580
354800,76349950
355000,78782080
355200,76370650
355400,79297480
355600,76099050
355800,78608070
356000,76631800
356200,81421340
356400,77644430
356600,83889260
356800,80036500
357000,83494490
357200,76959520
357400,80649110
357600,78515840
357800,80680960
358000,78907620
358200,80606200
358400,78445410
358600,81222800
358800,79530090
359000,81568290
359200,80103660
359400,81933380
359600,78879000
359800,82193590
360000,79072920
360200,81759930
360400,79203700
360600,81927390
360800,82369260
361000,80963620
361200,79623950
361400,81983080
361600,79394040
361800,81760750
362000,79203970
362200,81811450
362400,79213680
362600,82255440
362800,78770330
363000,81435990
363200,79364920
363400,81901080
363600,80006580
363800,81809320
364000,79392640
364200,82243770
364400,79465080
364600,81980330
364800,79019370
365000,81827310
365200,78988260
365400,85938470
365600,82309710
365800,81944550
366000,86442410
366200,83769670
366400,79200880
366600,81212930
366800,80454960
367000,82309940
367200,80256030
367400,82208880
367600,79680980
367800,82843210
368000,79635640
368200,83750000
368400,79776450
368600,82690990
368800,80150210
369000,82592720
369200,80358450
369400,82358390
369600,80556980
369800,82278160
370000,82276570
370200,82282040
370400,80257620
370600,83371480
370800,80749660
371000,83173730
371200,79828910
371400,83233420
371600,80123940
371800,82676510
372000,80051040
372200,82309830
372400,80731420
372600,83600840
372800,80284190
373000,82324020
373200,80678880
373400,82992340
373600,79630490
373800,82771380
374000,79861990
374200,86972510
374400,80848330
374600,84013650
374800,89022900
375000,83434790
375200,79782600
375400,82767380
375600,79950140
375800,82517870
376000,80483640
376200,82615930
376400,80257700
376600,82256020
376800,80096800
377000,84134460
377200,80748380
377400,83470800
377600,81085310
377800,84270520
378000,81185510
378200,84239910
378400,81800350
378600,84916930
378800,82037080
379000,84216350
379200,82709670
379400,84495460
379600,82800310
379800,84939250
380000,82032530
380200,85626940
380400,82295610
380600,85254740
380800,82559600
381000,85741410
381200,82682680
381400,86214200
381600,82697290
381800,84865100
382000,83345520
382200,84747020
382400,83058230
382600,85354440
382800,83532490
383000,89523190
383200,86095890
383400,86245410
383600,86185970
383800,85688670
384000,83092520
384200,85370070
384400,82428350
384600,85421920
384800,82823860
385000,85202240
385200,83004960
385400,85970190
385600,83732070
385800,86245240
386000,83684120
386200,86153860
386400,84021670
386600,86136250
386800,84045160
387000,86026830
387200,87035060
387400,85935090
387600,83318020
387800,86586200
388000,83802290
388200,87289780
388400,85044550
388600,86411250
388800,84447020
389000,87165690
389200,84559160
389400,86957880
389600,84333850
389800,87040260
390000,85127370
390200,87089320
390400,84925330
390600,87123830
390800,84721220
391000,86876150
391200,84423170
391400,90789620
391600,85164380
391800,102172410
392000,92208700
392200,87906150
392400,85528570
392600,88030070
392800,85272760
393000,88319130
393200,85179040
393400,87431230
393600,84985380
393800,88064550
394000,86192760
394200,88228380
394400,85449840
394600,88053900
394800,86091150
395000,87790370
395200,85311320
395400,88187750
395600,86223280
395800,88035200
396000,85439790
396200,88327980
396400,85967920
396600,88930920
396800,85324260
397000,87915280
397200,86094640
397400,88268400
397600,85375610
397800,88105790
398000,85589200
398200,89718180
398400,85774960
398600,88059360
398800,86044000
399000,88212740
399200,85671620
399400,87877720
399600,85520440
399800,91971020
400000,88873740
400200,90347450
400400,86802230
400600,88765810
400800,86226570
401000,89133930
401200,86354420
401400,89110650
401600,86359120
401800,89002900
402000,86387210
402200,89790470
402400,88261630
402600,89057260
402800,86540870
403000,91935320
403200,99242770
403400,108662130
403600,95066050
403800,101410090
404000,95090020
404200,101048960
404400,91606870
404600,102774200
404800,101643490
405000,103376170
405200,104241650
405400,99982940
405600,99259650
405800,107027410
406000,95357590
406200,98523600
406400,97791700
406600,95754320
406800,87748230
407000,89171040
407200,86523980
407400,105669420
407600,102472990
407800,107479460
408000,100561820
408200,97345460
408400,88137510
408600,90526590
408800,87257170
409000,90935010
409200,87785480
409400,93073690
409600,112023960
409800,115853820
410000,112225460
410200,113020800
410400,110017680
410600,110887760
410800,109239990
411000,108268600
411200,101308050
411400,103974100
411600,104073980
411800,115095520
412000,105557310
412200,104968170
412400,98670590
412600,123311320
412800,90387310
413000,89595950
413200,87758700
413400,90567790
413600,89746560
413800,100803900
414000,106835740
414200,89914920
414400,87600250
414600,90305630
414800,91572960
415000,92413850
415200,88815980
415400,89001250
415600,103044710
415800,103564440
416000,86320080
416200,89647140
416400,87103130
416600,89348890
416800,86568500
417000,89036840
417200,86117540
417400,89976920
417600,88291350
417800,89056290
418000,86104760
418200,89179930
418400,86393420
418600,89442590
418800,86841940
419000,89364080
419200,86496510
419400,89741950
419600,90185230
419800,89850220
420000,86833050
420200,88669390
420400,86793280
420600,88851030
420800,86918660
421000,88913170
421200,87763380
421400,90392910
421600,87957450
421800,90473030
422000,88274430
422200,90598390
422400,95319360
422600,90453230
422800,92112860
423000,91499720
423200,89521440
423400,93495760
423600,88135980
423800,90889450
424000,88363350
424200,91414980
424400,94465500
424600,92763990
424800,90917620
425000,92937740
425200,90111790
425400,93102620
425600,90682160
425800,92729490
426000,89782000
426200,94386910
426400,90148690
426600,92284330
426800,90283500
427000,92726030
427200,90412620
427400,93217770
427600,89803820
427800,93273740
428000,90333470
428200,94830990
428400,90261440
428600,92905190
428800,90382400
429000,92907280
429200,90232290
429400,93231430
429600,90249560
429800,92679670
430000,90389690
430200,94432820
430400,90185370
430600,92767020
430800,94156660
431000,95423810
431200,95136700
431400,93546730
431600,90855990
431800,93768660
432000,90840500
432200,95002480
432400,96818010
432600,93569650
432800,91299760
433000,93200910
433200,91684320
433400,93528630
433600,90962040
433800,93394600
434000,91284870
434200,95655790
434400,93423010
434600,96922250
434800,90940350
435000,93789190
435200,91195410
435400,93609250
435600,91524610
435800,93416450
436000,91105430
436200,95329870
436400,91096780
436600,96043950
436800,96710340
437000,93250510
437200,91991900
437400,93327780
437600,91030600
437800,93445980
438000,91242400
438200,93309350
438400,91924410
438600,96304660
438800,98943570
439000,97145420
439200,91293550
439400,93825610
439600,91393290
439800,93239020
440000,91165110
440200,100135510
440400,91293880
440600,93474470
440800,91559400
441000,94157800
441200,91283590
441400,93433930
441600,90905180
441800,93365420
442000,96706930
442200,93316070
442400,91230610
442600,93472780
442800,91308640
443000,93914640
443200,91259520
443400,94172550
443600,91539110
443800,94795120
444000,99751010
444200,104040450
444400,97361360
444600,106099300
444800,102459850
445000,101377870
445200,99586940
445400,99739050
445600,98509130
445800,99785000
446000,95066000
446200,95019420
446400,93899510
446600,106297160
446800,99144290
447000,117255980
447200,119085670
447400,119603190
447600,106709840
447800,101618010
448000,93471090
448200,98181950
448400,92452970
448600,94252550
448800,91686450
449000,98186480
449200,96843260
449400,94109590
449600,97407880
449800,94444690
450000,97698460
450200,99920680
450400,96770440
450600,94873910
450800,93871110
451000,101524120
451200,92433520
451400,94314820
451600,96618620
451800,95146120
452000,97447790
452200,94775280
452400,96858420
452600,93811570
452800,97436380
453000,93797630
453200,101836540
453400,97393830
453600,94065600
453800,97497850
454000,102078050
454200,104179020
454400,101070860
454600,100399150
454800,95698150
455000,93654010
455200,91606260
455400,93579550
455600,91534830
455800,94229310
456000,91695490
456200,97285270
456400,91741090
456600,93749280
456800,91437380
457000,102581830
457200,91542750
457400,93938370
457600,91510490
457800,93784870
458000,91591000
458200,94092300
458400,91872860
458600,97989770
458800,91320860
459000,94027070
459200,91451750
459400,94009120
459600,98824760
459800,93857570
460000,91022860
460200,93868430
460400,91633850
460600,94355850
460800,91848430
461000,97208060
461200,93580170
461400,95377220
461600,103255860
461800,105414100
462000,100451100
462200,102086840
462400,101788090
462600,103104530
462800,98004560
463000,102960420
463200,101129640
463400,101284550
463600,101911810
463800,100788030
464000,92830120
464200,99526420
464400,92842510
464600,100169440
464800,97765550
465000,95674110
465200,95592730
465400,97988110
465600,99657790
465800,99066000
466000,98907690
466200,99965770
466400,92222350
466600,101196850
466800,92736930
467000,100536290
467200,92883960
467400,99905820
467600,93318500
467800,98636150
468000,91641860
468200,93049720
468400,94859370
468600,95931380
468800,95978830
469000,93605390
469200,91293450
469400,93596290
469600,92945540
469800,93547320
470000,91085920
470200,93323370
470400,91315940
470600,93582180
470800,91369090
471000,93433210
471200,91173480
471400,93532120
471600,92835470
471800,93642490
472000,91090490
472200,93711070
472400,97115770
472600,93865450
472800,91173120
473000,93823780
473200,92927170
473400,93770200
473600,91234000
473800,93952230
474000,91065080
474200,93581860
474400,94248680
474600,93804410
474800,91454270
475000,93689120
475200,91030570
475400,93818930
475600,90944680
475800,93653010
476000,93844710
476200,95963460
476400,91838650
476600,97732810
476800,91427010
477000,93917700
477200,91371670
477400,93537520
477600,91340110
477800,93535510
478000,91450900
478200,95047060
478400,91514370
478600,94755220
478800,91998350
479000,94196360
479200,92131870
479400,94336640
479600,91968410
479800,94845150
480000,91959800
480200,95559630
480400,92070790
480600,94372340
480800,92498420
481000,94416670
481200,92054290
481400,94221510
481600,92014360
481800,94399780
482000,93655240
482200,94430180
482400,92169770
482600,94320910
482800,91841320
483000,94676420
483200,91841840
483400,94746320
483600,92117140
483800,96629860
484000,95372710
484200,98656170
484400,91864120
484600,95388670
484800,92398640
485000,95077180
485200,92629360
485400,94951420
485600,92663210
485800,96433570
486000,92636800
486200,95255920
486400,92826290
486600,95040320
486800,92179710
487000,94935060
487200,92532770
487400,94952530
487600,92464670
487800,96314550
488000,92827710
488200,95230910
488400,93093100
488600,94769660
488800,92742990
489000,94998260
489200,92367660
489400,94867820
489600,94479020
489800,94964790
490000,93252520
490200,95001610
490400,92595380
490600,94692800
490800,92772000
491000,94840520
491200,93626770
491400,96311130
491600,95507610
491800,99037740
492000,92923460
492200,95439560
492400,92632750
492600,94972510
492800,92894550
493000,94796910
493200,93158240
493400,96239920
493600,92806090
493800,95186760
494000,92846030
494200,94870900
494400,93015840
494600,94880660
494800,92784910
495000,94805530
495200,92811720
495400,94755580
495600,93011100
495800,94902130
496000,93292210
496200,95452180
496400,92589260
496600,94806200
496800,92679490
497000,95076560
497200,94511670
497400,95021930
497600,93169970
497800,95293360
498000,92702300
498200,95085530
498400,92681890
498600,95102580
498800,95459180
499000,97046690
499200,93378670
499400,100337780
499600,92813490
499800,95314430
500000,92797700
500200,95268310
500400,92494900
500600,94979270
500800,92707290
501000,97281860
501200,93192040
501400,102131280
501600,93245220
501800,95829830
502000,93363760
502200,96284530
502400,93596680
502600,101088960
502800,94861890
503000,96441040
503200,93640690
503400,96550390
503600,93802590
503800,96397700
504000,93864930
504200,96323800
504400,93403270
504600,97666410
504800,93900370
505000,96784770
505200,93091690
505400,96293890
505600,101099050
505800,96589560
506000,94167580
506200,98177440
506400,96122480
506600,108658170
506800,96963500
507000,99213790
507200,94162020
507400,96247670
507600,100359990
507800,96093030
508000,94432910
508200,96443250
508400,93617100
508600,96215040
508800,94305410
509000,99493970
509200,95143050
509400,96206940
509600,93800070
509800,96098620
510000,94677690
510200,96342530
510400,98105030
510600,96499610
510800,100246460
511000,96608150
511200,100630570
511400,96369790
511600,99903820
511800,96848460
512000,98250160
512200,96500520
512400,100510220
512600,97939380
512800,97355820
513000,97311840
513200,97171820
513400,99007070
513600,98549550
513800,98236770
514000,94208690
514200,98549940
514400,94408870
514600,96808680
514800,94172180
515000,96842570
515200,94484800
515400,98070390
515600,94123200
515800,104237210
516000,94356090
516200,96789160
516400,94295650
516600,96629920
516800,94448120
517000,96603880
517200,95794310
517400,96826000
517600,94118010
517800,96742460
518000,94404590
518200,97258970
518400,94988100
518600,97054910
518800,94479270
519000,98832610
519200,94444330
519400,96955200
519600,94261430
519800,96754570
520000,94647510
520200,96655690
520400,94309270
520600,96494940
520800,95734880
521000,99225300
521200,95989150
521400,97290200
521600,97953610
521800,97096500
522000,94832860
522200,96753490
522400,94634500
522600,96975480
522800,94168030
523000,96591880
523200,94675470
523400,97068200
523600,94255520
523800,96626360
524000,94385720
524200,96942800
524400,94179060
524600,98112510
524800,94557020
525000,97666690
525200,94240960
525400,96997200
525600,94618620
525800,97666770
526000,94165200
526200,96810100
526400,95688600
526600,97085120
526800,94106720
527000,96957940
527200,94628260
527400,97020980
527600,94273060
527800,96808270
528000,94655770
528200,97074710
528400,96657040
528600,97721980
528800,95626680
529000,100465720
529200,94330130
529400,96880170
529600,94513400
529800,96904440
530000,94543360
530200,98147370
530400,94663160
530600,96736810
530800,94551600
531000,96820410
531200,94624490
531400,96741150
531600,94624520
531800,96721310
532000,96196810
532200,96889120
532400,94414860
532600,96741830
532800,94642070
533000,96591800
533200,94809550
533400,96654570
533600,94815620
533800,98284220
534000,94316590
534200,96659690
534400,94623740
534600,97421570
534800,94365660
535000,96988500
535200,94475650
535400,97063830
535600,94469700
535800,98648530
536000,96097530
536200,98576870
536400,97866500
536600,97231000
536800,94755740
537000,96902670
537200,94143810
537400,96999670
537600,95619030
537800,97182570
538000,94361730
538200,96966990
538400,94791590
538600,97007530
538800,94298170
539000,97701730
539200,94139630
539400,99394160
539600,94565460
539800,97878500
540000,94414080
540200,96890520
540400,94670680
540600,97117520
540800,101147830
541000,97047310
541200,94499530
541400,97122040
541600,94832450
541800,97143180
542000,94776810
542200,96795340
542400,95169380
542600,98343540
542800,94620870
543000,96720940
543200,95308960
543400,98093450
543600,96111180
543800,100151170
544000,94737320
544200,97042490
544400,95663110
544600,96782670
544800,94599350
545000,96686610
545200,94239970
545400,102703820
545600,94711860
545800,97490130
546000,94326540
546200,96948940
546400,94763640
546600,96949680
546800,94707830
547000,100450830
547200,94412350
547400,97339350
547600,94191530
547800,97099470
548000,94906900
548200,97676540
548400,100523240
548600,97307800
548800,95333330
549000,97503970
549200,94953440
549400,98155530
549600,95139420
549800,97676930
550000,94752180
550200,98990740
550400,94978470
550600,99561050
550800,95679240
551000,98901260
551200,98897590
551400,97563970
551600,95136170
551800,97243150
552000,101716570
552200,97464920
552400,94769510
552600,97611060
552800,95134160
553000,97431160
553200,95859130
553400,97919930
553600,95777410
553800,99258830
554000,95268590
554200,98067320
554400,95742210
554600,98000930
554800,95540100
555000,103259520
555200,96183600
555400,98080910
555600,96942750
555800,103517830
556000,95475430
556200,98142840
556400,95862460
556600,98252380
556800,95798910
557000,98054880
557200,95474420
557400,97997750
557600,97021440
557800,98014720
558000,105530920
558200,99999310
558400,99647760
558600,98239100
558800,96025860
559000,98360110
559200,96382090
559400,98664300
559600,95952870
559800,102650030
560000,101858050
560200,107483750
560400,106836620
560600,106316080
560800,102266710
561000,109935920
561200,105886170
561400,107133240
561600,101850960
561800,101650680
562000,101411560
562200,101237550
562400,97435040
562600,103370140
562800,105399910
563000,99219470
563200,101627570
563400,103988160
563600,95664040
563800,98003800
564000,95738030
564200,98254930
564400,95405760
564600,97905410
564800,95838500
565000,106485910
565200,97108630
565400,98240690
565600,98061450
565800,98284620
566000,95539430
566200,97862850
566400,95722070
566600,97953550
566800,96828080
567000,97889340
567200,95835940
567400,98691560
567600,95393400
567800,97931540
568000,95492590
568200,98124850
568400,95477400
568600,100747760
568800,95674840
569000,98169580
569200,95410940
569400,98329620
569600,96069180
569800,102490070
570000,97462340
570200,97981490
570400,101591690
570600,98261620
570800,101741200
571000,98052810
571200,96177250
571400,97852330
571600,95456930
571800,97941600
572000,95674960
572200,104790290
572400,96860560
572600,102614320
572800,98875920
573000,103286800
573200,97739970
573400,98038890
573600,95488590
573800,102345980
574000,96164340
574200,98196450
574400,100731280
574600,104250910
574800,95536740
575000,104092860
575200,95573470
575400,104236620
575600,95427010
575800,99320110
576000,98672930
576200,101772680
576400,99139770
576600,100947460
576800,96796150
577000,98297950
577200,102168710
577400,104118720
577600,96346270
577800,98488990
578000,95962080
578200,99200770
578400,99758760
578600,98781750
578800,101903790
579000,98636160
579200,96013930
579400,100935860
579600,97389360
579800,99081590
580000,95909730
580200,101687000
580400,96204840
580600,98276070
580800,95470910
581000,104022010
581200,95352770
581400,103808050
581600,95981510
581800,104376980
582000,98800460
582200,98822100
582400,95855860
582600,100251210
582800,97639090
583000,105746220
583200,96506370
583400,103936080
583600,102868700
583800,99000030
584000,96915340
584200,98807790
584400,95821070
584600,98309500
584800,95712410
585000,98352900
585200,95608860
585400,99894390
585600,95780290
585800,98473060
586000,95810100
586200,98517410
586400,95792440
586600,101535590
586800,97230690
587000,100422510
587200,97443820
587400,98835050
587600,96126250
587800,97864510
588000,96004930
588200,97829680
588400,95486740
588600,97719840
588800,95940930
589000,99529440
589200,100981870
589400,98067990
589600,96346760
589800,98029840
590000,95571750
590200,98860560
590400,95642310
590600,98166610
590800,95377790
591000,99669400
591200,96082800
591400,98205030
591600,95334090
591800,98439280
592000,95386880
592200,103536710
592400,95659270
592600,98526210
592800,97615400
593000,98024340
593200,95540430
593400,103569420
593600,95615720
593800,101196690
594000,97135010
594200,104785190
594400,96159180
594600,99733280
594800,102944430
595000,98368260
595200,96372520
595400,98293630
595600,95627300
595800,97815530
596000,96396140
596200,98800630
596400,95800510
596600,99268380
596800,95884770
597000,101085540
597200,97003710
597400,100059380
597600,99043960
597800,98246850
598000,101445360
598200,98591570
598400,100759210
598600,98043920
598800,101420220
599000,97996090
599200,95839140
599400,101748460
599600,95870950
599800,104615270
600000,95925400
600200,103876530
600400,95480660
600600,104071750
600800,102244570
601000,100780610
601200,98187420
601400,100032100
601600,95874690
601800,98313130
602000,95841660
602200,99865000
602400,96059000
602600,97967490
602800,100436940
603000,98222320
603200,95868100
603400,98883790
603600,98621490
603800,98556840
604000,95650400
604200,98129580
604400,95368320
604600,103323650
604800,95787930
605000,98935410
605200,95716450
605400,98510040
605600,95947080
605800,97955150
606000,95910070
606200,97915400
606400,97263520
606600,99983140
606800,101049690
607000,101104820
607200,105722270
607400,105972580
607600,97787610
607800,99200600
608000,98230600
608200,101658210
608400,97575180
608600,104920700
608800,99877460
609000,112247690
609200,112540880
609400,105963710
609600,96704250
609800,98769170
610000,96328520
610200,98853770
610400,96912630
610600,98928510
610800,96241780
611000,98754830
611200,96405420
611400,98743240
611600,96800880
611800,113933120
612000,96644830
612200,98771780
612400,96421010
612600,99107230
612800,96405080
613000,98950230
613200,96025370
613400,101890510
613600,96622440
613800,99150880
614000,96692680
614200,98915480
614400,106795020
614600,111996810
614800,111434710
615000,106008310
615200,97745120
615400,99131250
615600,100171360
615800,98925440
616000,97444350
616200,99029020
616400,96676570
616600,99295760
616800,96917480
617000,99342890
617200,96161130
617400,99412780
617600,96979790
617800,99304340
618000,96606500
618200,99270340
618400,96922190
618600,99332890
618800,96628960
619000,99006170
619200,96895610
619400,98979930
619600,96917340
619800,113186210
620000,108190210
620200,111418910
620400,110603200
620600,103390980
620800,97834480
621000,100459340
621200,97326360
621400,100303260
621600,97838690
621800,100455550
622000,97615890
622200,101316720
622400,98288900
622600,108165570
622800,118999530
623000,124583480
623200,122236320
623400,104991450
623600,97345150
623800,100166580
624000,97338560
624200,100620780
624400,97424220
624600,100292460
624800,97426520
625000,100535470
625200,97093920
625400,100074220
625600,97571960
625800,100221170
626000,97554180
626200,99973270
626400,98224710
626600,100016810
626800,97605790
627000,100141440
627200,97493410
627400,100213820
627600,97396340
627800,100214690
628000,98106430
628200,100335500
628400,97743180
628600,100304640
628800,97638830
629000,102604020
629200,98299280
629400,99750520
629600,100965120
629800,99653660
630000,97021260
630200,99398590
630400,97194680
630600,99671050
630800,97035670
631000,99460380
631200,97394780
631400,99919010
631600,106181250
631800,117936330
632000,115228390
632200,111074260
632400,99269660
632600,98673420
632800,97340510
633000,103930040
633200,96843860
633400,99716900
633600,99432400
633800,106844250
634000,112878980
634200,100554580
634400,97818910
634600,102694250
634800,98029840
635000,108950040
635200,101809670
635400,100172240
635600,97708240
635800,100036590
636000,100127300
636200,101860620
636400,99305040
636600,99938830
636800,100785870
637000,100274820
637200,97112100
637400,115767960
637600,97911670
637800,99910780
638000,96954550
638200,99615470
638400,98288420
638600,99914400
638800,97491530
639000,99875290
639200,100767760
639400,99591090
639600,97174650
639800,101174650
640000,100798410
640200,102562930
640400,100993510
640600,103265170
640800,100461680
641000,103108360
641200,100472150
641400,103880890
641600,100212130
641800,100305130
642000,97906480
642200,101932290
642400,100490200
642600,103859770
642800,100527850
643000,103645830
643200,101150260
643400,107040350
643600,97372580
643800,102369240
644000,98606010
644200,99552790
644400,98227790
644600,107910380
644800,111445160
645000,118263240
645200,116185160
645400,116752160
645600,124852670
645800,117022840
646000,114392390
646200,117469320
646400,112957010
646600,106911160
646800,113365400
647000,117398220
647200,112696020
647400,118807350
647600,117678050
647800,119790140
648000,113090390
648200,117266780
648400,105736890
648600,105631010
648800,97727340
649000,109044720
649200,104711070
649400,102205490
649600,99433870
649800,107684610
650000,97526260
650200,103015510
650400,98686370
650600,100576020
650800,97955950
651000,104893720
651200,98293330
651400,106906850
651600,100411730
651800,100466000
652000,98126200
652200,100266690
652400,98252900
652600,100216620
652800,100546420
653000,100379770
653200,97887890
653400,100447100
653600,98054320
653800,100931940
654000,97848680
654200,100494600
654400,97690410
654600,100642390
654800,97751520
655000,100194360
655200,97951870
655400,100117960
655600,97653830
655800,99758690
656000,97860280
656200,101423180
656400,97995480
656600,100960490
656800,99490700
657000,99771470
657200,99568200
657400,99658570
657600,97782520
657800,110235100
658000,103285030
658200,99923700
658400,97627670
658600,100184290
658800,97531360
659000,101407280
659200,98475080
659400,100114960
659600,97315830
659800,108700790
660000,119104680
660200,120276950
660400,111001350
660600,101758950
660800,98047890
661000,100701220
661200,97641550
661400,101029280
661600,108000470
661800,118209800
662000,110349490
662200,109369620
662400,97394890
662600,99922770
662800,97332440
663000,101682290
663200,99393830
663400,100266080
663600,98936580
663800,99618070
664000,97794970
664200,99798090
664400,97237170
664600,100024550
664800,103449430
665000,114762520
665200,110527770
665400,100607900
665600,102540210
665800,99212490
666000,97308880
666200,99355940
666400,97087450
666600,99655500
666800,97701020
667000,99738110
667200,97265470
667400,102180500
667600,103908160
667800,99529930
668000,97694820
668200,99831610
668400,102727100
668600,99667810
668800,97445610
669000,100446950
669200,96973520
669400,99740350
669600,97456470
669800,99896710
670000,99639590
670200,102286790
670400,99519360
670600,99852730
670800,98948550
671000,99717410
671200,97511440
671400,99993620
671600,97452480
671800,99895960
672000,97760150
672200,105915880
672400,97288580
672600,100295320
672800,97297900
673000,99983040
673200,97169910
673400,99675090
673600,97446170
673800,99766390
674000,98440360
674200,99679800
674400,98033050
674600,99670670
674800,97418900
675000,99683720
675200,97629920
675400,99805960
675600,97218900
675800,100933700
676000,97761440
676200,99933520
676400,103280650
676600,105647960
676800,97596940
677000,107503050
677200,99002420
677400,101766140
677600,97533210
677800,100075770
678000,97441910
678200,99624070
678400,97724460
678600,101439760
678800,101463940
679000,99469060
679200,109800530
679400,121473020
679600,99718990
679800,100049780
680000,97662410
680200,100235070
680400,97658460
680600,100048340
680800,97733200
681000,99913900
681200,98264000
681400,100675160
681600,100512170
681800,100335430
682000,113840360
682200,110631160
682400,97886530
682600,100444340
682800,97895310
683000,100306700
683200,97836430
683400,100548890
683600,97841500
683800,103636930
684000,99034540
684200,100139610
684400,107791460
684600,99974500
684800,98036220
685000,99723150
685200,97350300
685400,99603960
685600,99525190
685800,99679550
686000,97202890
686200,100223570
686400,97622420
686600,99841220
686800,103134620
687000,99985640
687200,97346860
687400,103109430
687600,97431950
687800,106168690
688000,97460880
688200,101340200
688400,97486480
688600,99632990
688800,97662670
689000,99622250
689200,97456350
689400,99549920
689600,99271430
689800,100114870
690000,97351920
690200,99625730
690400,97512580
690600,105344710
690800,99734620
691000,101722060
691200,99176090
691400,99914930
691600,97238760
691800,100033170
692000,97580200
692200,99681010
692400,104820110
692600,99615640
692800,97877020
693000,103956480
693200,97708100
693400,99528700
693600,97371590
693800,99662280
694000,96975990
694200,100330840
694400,97552950
694600,101116710
694800,97198130
695000,99778780
695200,97850680
695400,104136480
695600,98099950
695800,102498390
696000,98034170
696200,100182640
696400,101080700
696600,99625790
696800,97855810
697000,99787880
697200,97728820
697400,99594880
697600,97875800
697800,101619730
698000,99590150
698200,101582910
698400,103304860
698600,104986730
698800,99044040
699000,102614310
699200,97814810
699400,99677050
699600,97293560
699800,99587570
700000,97436690
700200,99892340
700400,97402050
700600,100717810
700800,97666720
701000,100075420
701200,97325220
701400,99520590
701600,97386270
701800,100076400
702000,97237340
702200,99848650
702400,98648190
702600,99750380
702800,97136750
703000,99659800
703200,104272960
703400,100006600
703600,97376850
703800,105446830
704000,97536560
704200,99582550
704400,103223790
704600,102185890
704800,98881740
705000,106813490
705200,98618930
705400,102444570
705600,100515200
705800,100564790
706000,97665780
706200,99657060
706400,97508560
706600,99661760
706800,97420250
707000,100030440
707200,97394080
707400,101057120
707600,97100340
707800,99690740
708000,97590900
708200,100019920
708400,97212290
708600,105455080
708800,97512840
709000,100719590
709200,97388070
709400,99697170
709600,97687740
709800,102470040
710000,98052980
710200,99689350
710400,102580250
710600,100020660
710800,97522520
711000,99754020
711200,97595130
711400,99719830
711600,99986320
711800,101190570
712000,99416580
712200,100638590
712400,97434360
712600,99454150
712800,97601380
713000,102843270
713200,97157030
713400,99652610
713600,97603820
713800,102500910
714000,97262170
714200,100210340
714400,97214290
714600,104828360
714800,97264520
715000,100617890
715200,97485240
715400,101732090
715600,98898770
715800,99667960
716000,97812070
716200,99599950
716400,97321880
716600,115955790
716800,101023190
717000,100117040
717200,97100250
717400,99972170
717600,97227390
717800,99870800
718000,96946700
718200,103701540
718400,100031450
718600,101047080
718800,102737670
719000,99874090
719200,97627860
719400,99596320
719600,103291910
719800,100309260
720000,97456830
720200,99603780
720400,102767930
720600,100113690
720800,97542450
721000,99850360
721200,97223230
721400,99765110
721600,97585390
721800,100652120
722000,97456720
722200,100297450
722400,97570770
722600,99776220
722800,97663850
723000,99347120
723200,97661850
723400,99791760
723600,97153830
723800,102223530
724000,97356710
724200,105170180
724400,96926540
724600,99899020
724800,97432050
725000,100065610
725200,97350050
725400,102500720
725600,99724440
725800,102285320
726000,106288290
726200,110721080
726400,109064960
726600,110585000
726800,105577590
727000,122048590
727200,111106630
727400,99904710
727600,97518730
727800,99550730
728000,97541820
728200,99773970
728400,97430180
728600,99841910
728800,98793000
729000,99603140
729200,97144050
729400,99613130
729600,97821950
729800,105126110
730000,97371750
730200,99954970
730400,97624590
730600,100188100
730800,97676540
731000,100240320
731200,98009220
731400,100253350
731600,101954550
731800,107262480
732000,100054210
732200,100806790
732400,98549960
732600,101249030
732800,102028730
733000,99947030
733200,97192310
733400,100159230
733600,97215570
733800,99883570
734000,96982740
734200,99626630
734400,97523130
734600,106833280
734800,97440560
735000,99610940
735200,97656510
735400,99410790
735600,98884850
735800,100482860
736000,97453890
736200,99894260
736400,98493680
736600,99666460
736800,97465700
737000,105813850
737200,96890130
737400,99666340
737600,97868820
737800,99831500
738000,97428540
738200,99676580
738400,101330960
738600,99647260
738800,97616710
739000,101884890
739200,104405320
739400,103162490
739600,97655860
739800,99981760
740000,102951490
740200,99793290
740400,97572540
740600,99629580
740800,102631640
741000,99761480
741200,97132920
741400,99756130
741600,110204560
741800,99865870
742000,97159520
742200,104705430
742400,97805130
742600,99965920
742800,97234500
743000,99729320
743200,97568860
743400,99939170
743600,97114880
743800,99727040
744000,98860920
744200,99793200
744400,97306210
744600,99716000
744800,97803770
745000,99772700
745200,102954410
745400,99684780
745600,97784740
745800,102279240
746000,98838900
746200,105583400
746400,97875410
746600,99815780
746800,97677250
747000,99601690
747200,97647510
747400,99831130
747600,97158610
747800,99675020
748000,98638080
748200,99832450
748400,96948360
748600,99746230
748800,97449720
749000,99746420
749200,97506740
749400,100630220
749600,97389380
749800,99709270
750000,97417870
750200,100081170
750400,97418040
750600,99911500
750800,97151230
751000,99603440
751200,97316010
751400,101244520
751600,97274610
751800,99692050
752000,97442520
752200,99739300
752400,97291230
752600,99605830
752800,99157530
753000,100952120
753200,101431020
753400,99573110
753600,97533890
753800,99841780
754000,97310020
754200,99736540
754400,97355660
754600,100006810
754800,98339750
755000,116703960
755200,122385360
755400,99796620
755600,97239790
755800,99645510
756000,98514930
756200,99676760
756400,97273080
756600,100248820
756800,97530400
757000,100119240
757200,97085220
757400,99800450
757600,97202780
757800,99923920
758000,96989320
758200,101720140
758400,97297080
758600,99827720
758800,97246940
759000,99522100
759200,97561690
759400,99689290
759600,99527580
759800,100673860
760000,101671600
760200,99784970
760400,97218560
760600,99773470
760800,97238300
761000,100036320
761200,96965240
761400,99603460
761600,98555050
761800,99994900
762000,97080360
762200,99913360
762400,97627820
762600,99540260
762800,97127480
763000,99748500
763200,97439920
763400,100750980
763600,97269230
763800,99769000
764000,97679250
764200,99785270
764400,97191670
764600,99699430
764800,97359370
765000,99973970
765200,98449650
765400,99899170
765600,97507030
765800,99889560
766000,97291960
766200,99741970
766400,99919120
766600,101059210
766800,100513820
767000,99731820
767200,97458850
767400,99983880
767600,97049980
767800,99960070
768000,97282250
768200,99913020
768400,97111480
768600,100964850
768800,99177360
769000,102098880
769200,97613040
769400,99651740
769600,101196600
769800,109479830
770000,117836720
770200,116085320
770400,117404770
770600,101157290
770800,97312260
771000,99699060
771200,97840920
771400,99865720
771600,97521570
771800,99524620
772000,98834450
772200,99808220
772400,98342090
772600,104513540
772800,97809830
773000,100280170
773200,100181490
773400,107257950
773600,115390100
773800,109660000
774000,113106760
774200,100335460
774400,102370450
774600,100517660
774800,109863070
775000,119243270
775200,98074270
775400,100416450
775600,97366580
775800,99880940
776000,98184750
776200,100032230
776400,99906770
776600,99723090
776800,99150360
777000,99996710
777200,97444230
777400,100162450
777600,98186280
777800,100017360
778000,97465610
778200,99978600
778400,98130260
778600,100040720
778800,98244010
779000,100083040
779200,98155430
779400,100183510
779600,97394220
779800,101964890
780000,99135070
780200,100630430
780400,97299220
780600,99594420
780800,97645770
781000,102282400
781200,97314420
781400,99636130
781600,97762770
781800,99861840
782000,97311020
782200,99796680
782400,97566700
782600,99999150
782800,100077640
783000,100598710
783200,97792540
783400,101132150
783600,97323440
783800,99613010
784000,97604100
784200,100239640
784400,97123100
784600,99810170
784800,97444000
785000,100727300
785200,97258370
785400,99767440
785600,97421080
785800,99975040
786000,97002670
786200,99628700
786400,97486060
786600,101498240
786800,98085720
787000,100625280
787200,100311110
787400,99591310
787600,97689690
787800,99676780
788000,97677500
788200,99789290
788400,97231250
788600,99584910
788800,97603480
789000,99815580
789200,97984550
789400,99805710
789600,97166400
789800,99931540
790000,97111400
790200,99854050
790400,97485780
790600,100059000
790800,98013230
791000,101435350
791200,100228990
791400,101146090
791600,97771630
791800,100186660
792000,97885830
792200,101361490
792400,98486890
792600,102100210
792800,98887350
793000,99987230
793200,98540860
793400,101249890
793600,99807530
793800,101854490
794000,101408150
794200,99797260
794400,98112230
794600,100636620
794800,98733460
795000,101105690
795200,99309580
795400,101145500
795600,97575240
795800,100137080
796000,98056430
796200,100370270
796400,97988550
796600,101530990
796800,100432410
797000,101415570
797200,100162520
797400,100945470
797600,98068290
797800,100957080
798000,98050110
798200,105009220
798400,98676660
798600,100695490
798800,111066970
799000,118377100
799200,98447740
799400,100959340
799600,98035870
799800,100760630
