128,9037448
256,9017472
384,9021976
512,9018128
640,9088448
768,9040752
896,9071040
1024,9548688
1152,9000752
1280,9214104
1408,9149944
1536,9054568
1664,9090280
1792,9326464
1920,9023032
2048,9005160
2176,9441088
2304,9350816
2432,9288480
2560,9527360
2688,9236232
2816,9238648
2944,9100712
3072,9737616
3200,9326280
3328,10425280
3456,10196288
3584,9745768
3712,9757456
3840,9676920
3968,9580816
4096,9624616
4224,13043056
4352,14461336
4480,17011728
4608,19105512
4736,19793184
4864,18705480
4992,17372168
5120,17498376
5248,18433440
5376,18218448
5504,18193024
5632,18377480
5760,17583624
5888,17763952
6016,18710864
6144,17673176
6272,17723520
6400,17988080
6528,18534976
6656,18785864
6784,18122272
6912,18715336
7040,19502688
7168,19078280
7296,20476368
7424,20644584
7552,20184360
7680,20410224
7808,18468360
7936,17519760
8064,18125664
8192,17996968
8320,17230672
8448,16878960
8576,20384840
8704,17417648
8832,17330088
8960,18226192
9088,17000552
9216,17644640
9344,18428704
9472,17377448
9600,17054360
9728,16670160
9856,17112424
9984,16947592
10112,17889424
10240,18101880
10368,17717280
10496,18141320
10624,18261728
10752,18596352
10880,17780456
11008,18570520
11136,17856528
11264,18149232
11392,19760488
11520,25139168
11648,21080336
11776,19327336
11904,17010192
12032,17022320
12160,17857472
12288,17037008
12416,16987264
12544,18382000
12672,17542192
12800,17313616
12928,17065744
13056,16870752
13184,16911328
13312,16920128
13440,16745392
13568,16888496
13696,16582040
13824,17017488
13952,20102136
14080,16970752
14208,17627128
14336,19501880
14464,19169800
14592,17940632
14720,21487408
14848,17683648
14976,17745536
15104,17797688
15232,18303024
15360,21294896
15488,20792968
15616,17318376
15744,19417000
15872,20371208
16000,21948264
16128,19241088
16256,16842480
16384,17752000
16512,18956408
16640,23574984
16768,17088152
16896,16903368
17024,17989808
17152,17341720
17280,17019976
17408,17145176
17536,17087832
17664,16965080
17792,17502448
17920,16812672
18048,17202240
18176,17772056
18304,17420720
18432,17674920
18560,18564296
18688,18286952
18816,21234480
18944,26713160
19072,23086992
19200,19767744
19328,20961640
19456,19477400
19584,19129928
19712,19239248
19840,17825896
19968,17857920
20096,21923544
20224,20851576
20352,20077152
20480,17919432
20608,17016712
20736,17356096
20864,17073968
20992,16818136
21120,16869680
21248,17494056
21376,17435648
21504,18042200
21632,1332212736
21760,18710256
21888,2575907376
22016,18666640
22144,18511760
22272,20504672
22400,2654113544
22528,18233760
22656,19554360
22784,17463464
22912,17192944
23040,2571334168
23168,18200824
23296,20787384
23424,20620856
23552,3928078352
23680,17096176
23808,17084592
23936,17156360
24064,2571117864
24192,16877728
24320,16861232
24448,17125536
24576,17048288
24704,3928705152
24832,17308984
24960,16920256
25088,17719984
25216,2651420808
25344,18368176
25472,19364992
25600,18493840
25728,2573956424
25856,17103336
25984,17295976
26112,17009296
26240,17169432
26368,4007814896
26496,18046576
26624,19142376
26752,17151216
26880,2651031976
27008,16949960
27136,17337976
27264,16966168
27392,4008806136
27520,16997216
27648,17420488
27776,17170968
27904,16692792
28032,4009305824
28160,17728664
28288,17241568
28416,17278960
28544,4007849312
28672,16998440
28800,16972040
28928,17889984
29056,16959312
29184,2650748528
29312,17259200
29440,16978040
29568,17305192
29696,3928580008
29824,19961888
29952,20075792
30080,20439216
30208,4009786848
30336,17325208
30464,17278856
30592,17206680
30720,3928023880
30848,17163400
30976,17033792
31104,17002304
31232,16970480
31360,3927969832
31488,16971848
31616,17134592
31744,17703776
31872,3928285976
32000,17173776
32128,17225144
32256,17084096
32384,16933304
32512,4009215488
32640,17059352
32768,17137608
32896,16824768
33024,3928164952
33152,16912360
33280,16937584
33408,17049104
33536,2650639208
33664,18608768
33792,18679224
33920,19005208
34048,17915536
34176,3929216720
34304,17718800
34432,17313960
34560,17045936
34688,4008053760
34816,16954920
34944,17058008
35072,17027000
35200,2652183848
35328,17198592
35456,17378176
35584,17216616
35712,17136272
35840,3928564528
35968,16964928
36096,16859560
36224,16932504
36352,4008237608
36480,17100200
36608,16992424
36736,16994240
36864,16990472
36992,17446432
37120,16973960
37248,17407032
37376,17608344
37504,3928138280
37632,17384152
37760,16731008
37888,16853736
38016,4007428056
38144,18796712
38272,18098784
38400,16925048
38528,17007240
38656,19553008
38784,18236856
38912,18770472
39040,18059640
39168,3929575552
39296,18019696
39424,17271096
39552,18280968
39680,2653122080
39808,19557216
39936,19134896
40064,19326176
40192,2573537496
40320,18022504
40448,18065344
40576,19824024
40704,3928386720
40832,17302792
40960,17085544
41088,17093496
41216,2890421168
41344,17316360
41472,17346360
41600,17033720
41728,17027896
41856,17098040
41984,17331344
42112,17114448
42240,17035968
42368,17024224
42496,17288688
42624,17133960
42752,17274496
42880,17173520
43008,17004208
43136,17193296
43264,16925960
43392,17379808
43520,16854944
43648,16840592
43776,16886200
43904,17063224
44032,17052216
44160,16869240
44288,17215424
44416,17311376
44544,16950520
44672,17226200
44800,17058336
44928,17121592
45056,16890272
45184,16979400
45312,16858152
45440,16856600
45568,17010712
45696,16865832
45824,16955192
45952,16862840
46080,16897512
46208,17502456
46336,16940424
46464,17856768
46592,17168112
46720,17082344
46848,17121936
46976,17047856
47104,16945208
47232,16864912
47360,16883416
47488,17111784
47616,17568456
47744,17040576
47872,16999880
48000,16868248
48128,17274352
48256,17143848
48384,17804536
48512,16866200
48640,16862792
48768,16892232
48896,17503944
49024,17267696
49152,17054128
49280,16928024
49408,16843880
49536,16844640
49664,17193880
49792,17285944
49920,16878400
50048,16856792
50176,16891344
50304,17182000
50432,17017096
50560,17047264
50688,16828160
50816,17172528
50944,17270312
51072,16968168
51200,16878952
51328,17173896
51456,17248968
51584,17089176
51712,16874608
51840,17207392
51968,16853184
52096,17115032
52224,16895288
52352,17550792
52480,17141568
52608,17267552
52736,16979504
52864,16882272
52992,17092112
53120,16919056
53248,18168936
53376,17077816
53504,17163136
53632,17169696
53760,17081184
53888,17587168
54016,17074648
54144,16846320
54272,17295912
54400,17024904
54528,16828512
54656,17289664
54784,17036144
54912,17244064
55040,17021432
55168,17289896
55296,17035176
55424,17076368
55552,17375344
55680,17149584
55808,17105976
55936,17034016
56064,16946920
56192,16991096
56320,17072624
56448,16940128
56576,16855272
56704,17209032
56832,17001544
56960,17294968
57088,16862600
57216,17186232
57344,16821304
57472,16943680
57600,17019376
57728,16952360
57856,16954280
57984,16879392
58112,17041696
58240,17327376
58368,17160560
58496,17064968
58624,17027464
58752,17118728
58880,17250184
59008,17338104
59136,17101448
59264,17118512
59392,17051944
59520,17130296
59648,17014976
59776,17189640
59904,16844768
60032,17485776
60160,16918608
60288,17203376
60416,17173160
60544,17269120
60672,16901400
60800,16947560
60928,17155408
61056,17091464
61184,16904952
61312,17256400
61440,17450400
61568,17364080
61696,17145840
61824,17975344
61952,17399784
62080,16999448
62208,17113160
62336,16844584
62464,16909008
62592,17068472
62720,17182920
62848,17320168
62976,16936232
63104,19129728
63232,17668848
63360,17165224
63488,17468336
63616,19020016
63744,17879720
63872,17304384
64000,17832272
64128,17762568
64256,17881976
64384,17912432
64512,17870216
64640,20577360
64768,20372128
64896,21252160
65024,21305824
65152,20671968
65280,19874944
65408,20211128
65536,20940080
65664,21324904
65792,21011824
65920,20834576
66048,20844288
66176,20954280
66304,21106712
66432,20783344
66560,21341480
66688,18159808
66816,19068720
66944,20879776
67072,19707048
67200,19494736
67328,21475184
67456,20477600
67584,19612120
67712,21138416
67840,19685000
67968,21167120
68096,17951944
68224,20434960
68352,21899080
68480,21327104
68608,17278008
68736,17836352
68864,17003256
68992,16702024
69120,16583096
69248,16921328
69376,16811360
69504,17061696
69632,17115560
69760,17600072
69888,17235728
70016,16967200
70144,17609208
70272,17081920
70400,18692776
70528,21696752
70656,17160304
70784,17585520
70912,17127560
71040,17012632
71168,17065256
71296,17147048
71424,17472456
71552,17443648
71680,19979152
71808,21636576
71936,18624488
72064,17773416
72192,17596008
72320,18277640
72448,17921632
72576,19724600
72704,18288144
72832,20262608
72960,21082216
73088,19685240
73216,19235784
73344,18967968
73472,18832712
73600,17869800
73728,17923104
73856,19873248
73984,17677712
74112,18044920
74240,17857648
74368,18787848
74496,18707512
74624,18564120
74752,20643256
74880,17406504
75008,17587704
75136,19848472
75264,18888680
75392,20042544
75520,17418216
75648,17199336
75776,16965632
75904,17316976
76032,16981992
76160,17059264
76288,17537048
76416,18404640
76544,17692928
76672,17177552
76800,17002104
76928,17121392
77056,17125664
77184,17474352
77312,17352904
77440,17375384
77568,17563800
77696,17590152
77824,16862192
77952,18336704
78080,17587304
78208,17320904
78336,16918784
78464,16911752
78592,17485440
78720,17116744
78848,17033416
78976,16972120
79104,17008528
79232,17168944
79360,16933496
79488,17185816
79616,17303744
79744,16956456
79872,17286272
80000,17130848
80128,17468672
80256,17695760
80384,17123808
80512,17107776
80640,17126464
80768,17070992
80896,16875224
81024,17094040
81152,17041064
81280,17155256
81408,17405872
81536,17373752
81664,16996792
81792,16936208
81920,16845224
82048,16845008
82176,17187552
82304,18299976
82432,17235144
82560,17493544
82688,16909336
82816,16848536
82944,16986344
83072,17600232
83200,16897016
83328,17101672
83456,18319616
83584,19496480
83712,17955032
83840,17941992
83968,18247416
84096,17638968
84224,16969248
84352,16930096
84480,18087000
84608,17005320
84736,16903160
84864,16977784
84992,17137688
85120,19138248
85248,17386472
85376,17318704
85504,17862264
85632,17332904
85760,17847200
85888,17214680
86016,16846792
86144,17215504
86272,16930544
86400,16848552
86528,17072464
86656,17034264
86784,17383768
86912,17151160
87040,17200888
87168,17422936
87296,17365968
87424,17483976
87552,18357968
87680,17864216
87808,17116600
87936,17961288
88064,17319832
88192,17144640
88320,18629784
88448,17562904
88576,16848656
88704,16864528
88832,16878192
88960,17484120
89088,17233792
89216,17559296
89344,17413560
89472,16945216
89600,16912152
89728,17369424
89856,16862696
89984,16944384
90112,17614024
90240,16907344
90368,17100680
90496,16865304
90624,16846896
90752,16843464
90880,17555160
91008,18310512
91136,17853472
91264,18579888
91392,17272944
91520,16925632
91648,17288432
91776,17486432
91904,18506904
92032,19390640
92160,18411248
92288,29623992
92416,20968240
92544,18956024
92672,17933224
92800,17819576
92928,17526752
93056,17314040
93184,17546304
93312,18060824
93440,18568200
93568,17523936
93696,19663816
93824,18868216
93952,21520976
94080,18681112
94208,21205864
94336,21303560
94464,20691912
94592,21334344
94720,21268680
94848,17249192
94976,21370640
95104,20157696
95232,21544960
95360,17610432
95488,21490936
95616,98641664
95744,20827080
95872,19309184
96000,19050136
96128,19106376
96256,19019304
96384,20810792
96512,19564040
96640,18946744
96768,18263280
96896,18838504
97024,19738240
97152,18643128
97280,17194112
97408,17102336
97536,16959216
97664,17422384
97792,17561528
97920,17207504
98048,17778848
98176,18191296
98304,17751160
98432,17340760
98560,17533160
98688,18358512
98816,17692576
98944,17626464
99072,17377960
99200,16952992
99328,16863544
99456,16903608
99584,17388976
99712,17604160
99840,18656240
99968,17706352
100096,17502496
100224,18116360
100352,18585640
100480,25529608
100608,18355064
100736,18493480
100864,17891192
100992,17972760
101120,19023736
101248,17448600
101376,18096360
101504,18438824
101632,17634664
101760,18638120
101888,18234216
102016,17894192
102144,17400152
102272,17482080
102400,17512832
102528,17570504
102656,19086560
102784,17400464
102912,17874200
103040,17091176
103168,17502136
103296,17006976
103424,16919808
103552,17734632
103680,17419272
103808,18209264
103936,17504008
104064,17660560
104192,16973456
104320,16901808
104448,17338096
104576,17316480
104704,16984560
104832,17006952
104960,16915128
105088,17726832
105216,17501536
105344,17223008
105472,17078392
105600,17143320
105728,16958752
105856,17427912
105984,17214104
106112,17301624
106240,17257704
106368,17284256
106496,17183352
106624,17246088
106752,16991048
106880,16990160
107008,17159920
107136,17644784
107264,17066080
107392,17296984
107520,17172016
107648,17194520
107776,17264328
107904,17424984
108032,17830480
108160,17418800
108288,17289248
108416,17642560
108544,17714688
108672,16999488
108800,17112632
108928,17173440
109056,18341208
109184,17147848
109312,16954824
109440,16950768
109568,16928408
109696,18029952
109824,17642360
109952,17402848
110080,17431976
110208,17212304
110336,17320440
110464,17338712
110592,17301560
110720,17249016
110848,17235704
110976,17234616
111104,17155208
111232,17310552
111360,17226096
111488,16948496
111616,17527264
111744,17269880
111872,16939800
112000,17194912
112128,17264400
112256,17286824
112384,17341576
112512,17197864
112640,17048384
112768,16993192
112896,17181024
113024,17529024
113152,17334384
113280,16899400
113408,16952896
113536,18197864
113664,17814760
113792,18139320
113920,18350672
114048,17458144
114176,97047408
114304,16910584
114432,17162528
114560,17309968
114688,17509744
114816,17273520
114944,17020184
115072,17261728
115200,16922264
115328,17314152
115456,17563712
115584,16897768
115712,17246432
115840,17351328
115968,17410192
116096,17216408
116224,17208680
116352,16892376
116480,16939944
116608,17595584
116736,17368368
116864,17492184
116992,17321768
117120,17326720
117248,17793480
117376,16911048
117504,17407608
117632,17350264
117760,16865640
117888,17018528
118016,16983120
118144,17217200
118272,17071504
118400,16966560
118528,17462536
118656,16952752
118784,17340608
118912,16887384
119040,16993888
119168,18107136
119296,16878928
119424,17094928
119552,17486744
119680,17280976
119808,17038096
119936,17050544
120064,16918264
120192,17270224
120320,16942488
120448,17377944
120576,17345536
120704,17494320
120832,16990336
120960,17115784
121088,17287240
121216,17091192
121344,17932920
121472,17024656
121600,17140184
121728,17803160
121856,17381216
121984,17226048
122112,17360856
122240,17080800
122368,17221024
122496,16896952
122624,17357296
122752,17031656
122880,16925912
123008,16872936
123136,16956992
123264,17208464
123392,16938216
123520,17215040
123648,16938600
123776,16991112
123904,17045272
124032,16901848
124160,17201856
124288,17232408
124416,17272120
124544,17049776
124672,16883240
124800,17266456
124928,17328816
125056,17352464
125184,17178984
125312,17220928
125440,17363704
125568,17306224
125696,16913800
125824,16949496
125952,17249296
126080,17682616
126208,18104640
126336,17561024
126464,17427400
126592,17441336
126720,17315856
126848,19508000
126976,17164952
127104,17620664
127232,17880120
127360,17193584
127488,18491880
127616,17409064
127744,17549936
127872,18235784
