128,9030704
256,9036560
384,9176040
512,9473352
640,9484584
768,9034568
896,9087256
1024,9070136
1152,9020416
1280,9083184
1408,9158960
1536,9168736
1664,9187024
1792,9082152
1920,9074920
2048,9018848
2176,9033088
2304,9039584
2432,9139560
2560,9754128
2688,9026008
2816,9022384
2944,9016016
3072,9095152
3200,9149336
3328,9245272
3456,9111288
3584,9078776
3712,9020152
3840,9039736
3968,9101528
4096,9085424
4224,11821544
4352,13525392
4480,15194896
4608,16661168
4736,16845768
4864,16768928
4992,16713720
5120,16671816
5248,16682168
5376,16933264
5504,16992072
5632,17007296
5760,16804568
5888,16754040
6016,16692392
6144,16925616
6272,16729296
6400,16747032
6528,16745912
6656,16640192
6784,17028456
6912,18112328
7040,17741864
7168,17533472
7296,16929176
7424,16679440
7552,16789096
7680,16860064
7808,16764912
7936,16786976
8064,16733952
8192,17057320
8320,17012288
8448,17297888
8576,16717952
8704,16906080
8832,16877000
8960,16956920
9088,16846840
9216,16794072
9344,16971688
9472,16846552
9600,18459376
9728,17396808
9856,17405936
9984,17439440
10112,18150208
10240,17263176
10368,17491952
10496,16848480
10624,17285088
10752,17220032
10880,17286232
11008,17103800
11136,18149552
11264,17219352
11392,16882864
11520,17001888
11648,17384928
11776,17397520
11904,17655888
12032,17337248
12160,16948984
12288,17600808
12416,17514560
12544,17216024
12672,17299472
12800,17914832
12928,18358080
13056,17990584
13184,17719184
13312,20840168
13440,17349856
13568,17658048
13696,19265856
13824,17915904
13952,17644688
14080,18049056
14208,18983392
14336,20502424
14464,19219464
14592,23196576
14720,20706528
14848,19445376
14976,18581240
15104,18124296
15232,18119536
15360,18294312
15488,18142480
15616,17598528
15744,18602960
15872,17715936
16000,17810464
16128,18008968
16256,17549112
16384,19236448
16512,18583416
16640,18054224
16768,17410176
16896,16933896
17024,19461416
17152,20955872
17280,21373288
17408,18101640
17536,20968992
17664,17733088
17792,20249472
17920,19104360
18048,20365296
18176,21192592
18304,17469064
18432,20998280
18560,19507224
18688,20571360
18816,17378208
18944,21016176
19072,20995216
19200,20745680
19328,20616608
19456,20668504
19584,20680440
19712,20813512
19840,21205152
19968,21745440
20096,22802584
20224,17021152
20352,20603144
20480,21113400
20608,19349864
20736,18890488
20864,20009432
20992,18345992
21120,19577560
21248,19451696
21376,16865048
21504,17114424
21632,17193992
21760,16990440
21888,18379008
22016,18665880
22144,17344032
22272,17749640
22400,17770832
22528,17015440
22656,17165288
22784,17301128
22912,17014768
23040,17353096
23168,17288984
23296,16997424
23424,16939512
23552,16833656
23680,16912000
23808,17128016
23936,17401640
24064,17129160
24192,16927232
24320,17808680
24448,17936904
24576,18079408
24704,17626216
24832,17425912
24960,17756024
25088,17260768
25216,17243728
25344,17651160
25472,17029280
25600,17352688
25728,17477416
25856,17335640
25984,17585024
26112,17314176
26240,17868256
26368,17166104
26496,17625640
26624,17370872
26752,17806048
26880,18066600
27008,17863488
27136,17318792
27264,16976632
27392,16922248
27520,17316640
27648,17583368
27776,16725536
27904,17135240
28032,17323416
28160,18866112
28288,17434288
28416,16909304
28544,17067432
28672,16833848
28800,16898112
28928,17999592
29056,17247616
29184,19532320
29312,21721560
29440,18307472
29568,22274184
29696,19499568
29824,20271664
29952,19932424
30080,22621792
30208,18958728
30336,21032304
30464,18333968
30592,17665272
30720,18304296
30848,20036304
30976,17368528
31104,16894784
31232,16849152
31360,16834560
31488,17932536
31616,21322576
31744,21302272
31872,18635992
32000,20619896
32128,18347032
32256,17774728
32384,20423056
32512,19626344
32640,48806080
32768,21778776
32896,18633296
33024,18815944
33152,19864168
33280,20089368
33408,19890120
33536,18228632
33664,19413752
33792,17515480
33920,18503776
34048,17734376
34176,18830784
34304,19481984
34432,17560024
34560,17094208
34688,17206784
34816,17592704
34944,17142736
35072,17100640
35200,18458448
35328,17182320
35456,17053664
35584,18626400
35712,19061872
35840,18777064
35968,19505048
36096,18888128
36224,19507032
36352,19275232
36480,19268920
36608,17989464
36736,17546384
36864,17158808
36992,17051000
37120,18660000
37248,17076848
37376,17633152
37504,18125024
37632,17352496
37760,18719696
37888,17360608
38016,16801888
38144,16850232
38272,17140752
38400,18257672
38528,17641888
38656,17799352
38784,17184824
38912,21249664
39040,18926216
39168,17099112
39296,18770968
39424,17135872
39552,17001408
39680,17544832
39808,17078016
39936,16943048
40064,17146976
40192,16842048
40320,16974512
40448,17459192
40576,17540304
40704,16877968
40832,17642312
40960,17076096
41088,16924096
41216,18032432
41344,16999072
41472,17700336
41600,16996696
41728,17308808
41856,16924352
41984,17597144
42112,19231344
42240,17094992
42368,17681608
42496,18226856
42624,17861352
42752,18306960
42880,17583216
43008,19730288
43136,17908480
43264,17355272
43392,17172872
43520,17580456
43648,16855072
43776,16840408
43904,16905392
44032,17103864
44160,17459472
44288,16936440
44416,16853632
44544,17016432
44672,17052552
44800,16845888
44928,16860960
45056,16829752
45184,16838944
45312,16913736
45440,16826080
45568,16839224
45696,16894480
45824,16838880
45952,16844704
46080,16832024
46208,17061624
46336,16848800
46464,16844936
46592,16847192
46720,17000632
46848,17064784
46976,17261448
47104,16884744
47232,17661496
47360,20140456
47488,17672888
47616,18036912
47744,17550168
47872,17082520
48000,17095184
48128,16862000
48256,16858000
48384,16851744
48512,16871984
48640,17076464
48768,16918896
48896,16836080
49024,16855616
49152,16837472
49280,16831368
49408,16838088
49536,16828192
49664,16863336
49792,17027864
49920,17306736
50048,17697416
50176,16989000
50304,17058272
50432,17159648
50560,17177400
50688,16944864
50816,16835792
50944,16875360
51072,17182840
51200,17162624
51328,17215752
51456,17226192
51584,16867128
51712,17650608
51840,17921888
51968,17559480
52096,17205168
52224,17041280
52352,17343816
52480,17721912
52608,17513296
52736,16893400
52864,16985976
52992,18346424
53120,17958840
53248,18025592
53376,17686672
53504,17111416
53632,17344296
53760,17401968
53888,17457368
54016,17222344
54144,16970592
54272,16864640
54400,17061136
54528,17124072
54656,16875752
54784,18062008
54912,17248840
55040,17291216
55168,16864888
55296,17270096
55424,17114968
55552,16939336
55680,16924216
55808,16903232
55936,17111592
56064,17118344
56192,17433888
56320,16927768
56448,17185808
56576,17095792
56704,16843192
56832,17208256
56960,17143976
57088,17307464
57216,17020496
57344,17144856
57472,16907832
57600,16840744
57728,16888240
57856,17149672
57984,17044880
58112,17752432
58240,17498216
58368,17810536
58496,16887784
58624,17023168
58752,17047752
58880,16852832
59008,17025144
59136,17011904
59264,17206768
59392,17302896
59520,16919264
59648,16834040
59776,17147648
59904,17855656
60032,16908792
60160,17258312
60288,16951056
60416,16909344
60544,16864904
60672,18070384
60800,17116208
60928,16928400
61056,17277216
61184,17519168
61312,18678680
61440,17977528
61568,17614240
61696,17882744
61824,16953368
61952,17126576
62080,17264104
62208,16846592
62336,16958824
62464,16852368
62592,16846504
62720,17081280
62848,17096688
62976,17253464
63104,17075688
63232,17454208
63360,17833720
63488,17028648
63616,17053600
63744,16846568
63872,17221352
64000,17061592
64128,17447272
64256,17097976
64384,16928712
64512,17438040
64640,17242936
64768,17219328
64896,16986504
65024,16934144
65152,16891928
65280,17405712
65408,17306416
65536,17428392
65664,17171296
65792,18080952
65920,17163880
66048,17612536
66176,18302496
66304,19053760
66432,18820920
66560,17723680
66688,17498480
66816,17129064
66944,17564264
67072,17330856
67200,17099424
67328,20641408
67456,17794296
67584,17368816
67712,17047504
67840,17265872
67968,17145576
68096,17140712
68224,16907048
68352,16840216
68480,16825688
68608,16850776
68736,18143488
68864,17887440
68992,17815472
69120,17488104
69248,16857584
69376,16929704
69504,16984000
69632,17058112
69760,17664344
69888,17286512
70016,17175488
70144,17340472
70272,17201856
70400,18734608
70528,18193144
70656,17145520
70784,18450504
70912,18638608
71040,17633856
71168,16875432
71296,16903296
71424,17175368
71552,17962240
71680,17671928
71808,17817040
71936,17404136
72064,17090504
72192,17238176
72320,16967584
72448,17271480
72576,17523784
72704,97812704
72832,17357912
72960,16984232
73088,17328960
73216,16851448
73344,16922136
73472,17201080
73600,16893456
73728,16862368
73856,16860640
73984,16935776
74112,16845416
74240,16943872
74368,17222392
74496,17187536
74624,17360384
74752,17222376
74880,17226416
75008,16889752
75136,17079744
75264,17891648
75392,17329568
75520,17179584
75648,17158192
75776,17123208
75904,17103816
76032,17503536
76160,17338424
76288,16943392
76416,17195464
76544,17190528
76672,16992048
76800,18046152
76928,17405824
77056,17130616
77184,17383360
77312,17461656
77440,16977400
77568,17835520
77696,17199144
77824,17061904
77952,17085104
78080,16876208
78208,18297952
78336,17617256
78464,16929784
78592,16885624
78720,16883184
78848,16845424
78976,17236792
79104,17212144
79232,17441176
79360,17828112
79488,17307272
79616,96685224
79744,16886864
79872,16939744
80000,17172056
80128,16848512
80256,16844848
80384,17080704
80512,17260768
80640,17429440
80768,17826016
80896,17417296
81024,17102496
81152,16869728
81280,17232312
81408,16879560
81536,16903520
81664,17233336
81792,16989568
81920,17125024
82048,17281328
82176,17289760
82304,16905136
82432,17973264
82560,17371392
82688,18299232
82816,17035288
82944,16870248
83072,16983496
83200,17198192
83328,17187312
83456,17367584
83584,17192600
83712,17244552
83840,17567824
83968,17146192
84096,16916336
84224,17439184
84352,17237632
84480,17172392
84608,17256984
84736,17176008
84864,17552200
84992,17255472
85120,17223112
85248,17077800
85376,17328672
85504,17025424
85632,17023384
85760,17272328
85888,17768016
86016,18409944
86144,17684432
86272,17653240
86400,17762232
86528,17058368
86656,17119864
86784,17511744
86912,17277280
87040,16915752
87168,16861488
87296,17332032
87424,16906648
87552,17260656
87680,17160552
87808,17345976
87936,17302376
88064,17161064
88192,16908240
88320,17232352
88448,16939664
88576,17165944
88704,17128664
88832,16873624
88960,17207296
89088,17244328
89216,16940832
89344,17234584
89472,17492480
89600,17227688
89728,17114536
89856,16941752
89984,17120624
90112,16990912
90240,17224856
90368,17996856
90496,17867168
90624,17678632
90752,17272640
90880,17886560
91008,16955968
91136,17170168
91264,17029120
91392,16923640
91520,17209200
91648,17153832
91776,16941248
91904,17466440
92032,17177936
92160,17110928
92288,17553696
92416,17660216
92544,17467640
92672,17159824
92800,16913936
92928,17185288
93056,16887184
93184,16941896
93312,16869528
93440,17698584
93568,17187760
93696,16915080
93824,16884448
93952,17165848
94080,17311816
94208,17258448
94336,17189128
94464,16913464
94592,17336632
94720,16954704
94848,16961728
94976,17232168
95104,17196096
95232,16967488
95360,17233624
95488,17015992
95616,16880824
95744,16862792
95872,16986256
96000,16876464
96128,17169856
96256,16886144
96384,16886992
96512,17193592
96640,17240264
96768,17152432
96896,16860360
97024,17121088
97152,17429512
97280,17630680
97408,17217320
97536,17306616
97664,17250416
97792,17251584
97920,17016640
98048,17230624
98176,17292480
98304,17185488
98432,16812672
98560,17507376
98688,17502008
98816,16982768
98944,17017600
99072,17085352
99200,17003688
99328,17638328
99456,17283480
99584,17393712
99712,17632296
99840,17493712
99968,17209640
100096,17073920
100224,17245648
100352,17077896
100480,17582168
100608,17242592
100736,17596168
100864,16931992
100992,17260144
101120,17008016
101248,16953168
101376,17648304
101504,17571560
101632,17578112
101760,17737432
101888,16931944
102016,17075240
102144,17314544
102272,18319576
102400,17286992
102528,17114768
102656,16940920
102784,17725816
102912,16925376
103040,17303112
103168,17336176
103296,17470544
103424,17340672
103552,17182680
103680,17789728
103808,18249120
103936,18078792
104064,17774376
104192,17460112
104320,16885648
104448,17193512
104576,17461264
104704,16984944
104832,17416984
104960,16966992
105088,17270208
105216,17450600
105344,16909776
105472,16928608
105600,17011376
105728,17290736
105856,17289688
105984,16918720
106112,16951864
106240,16889784
106368,16900280
106496,17676936
106624,17370008
106752,17257192
106880,16880472
107008,16874640
107136,18156120
107264,17515352
107392,17185464
107520,17014744
107648,18527496
107776,19684160
107904,19004312
108032,17589528
108160,17449744
108288,17652360
108416,17959496
108544,17188920
108672,18029256
108800,19016928
108928,23046728
109056,17654224
109184,17420808
109312,17299408
109440,17549840
109568,16924984
109696,17016808
109824,17280280
109952,17474936
110080,19594968
110208,17502256
110336,16970528
110464,16931696
110592,17041848
110720,17269720
110848,16860224
110976,16937808
111104,17388432
111232,17509712
111360,17143256
111488,17283432
111616,18256168
111744,16864072
111872,16973176
112000,97349032
112128,16954000
112256,17679016
112384,17866144
112512,17290512
112640,17000600
112768,17397488
112896,17453384
113024,17395264
113152,17487880
113280,16977616
113408,16973536
113536,16934952
113664,16882064
113792,17597256
113920,16906888
114048,16922920
114176,17668688
114304,17411072
114432,17391496
114560,17200056
114688,17146192
114816,16951008
114944,16924352
115072,17281952
115200,17331008
115328,16992240
115456,17629240
115584,16967848
115712,17312032
115840,16986072
115968,17520856
116096,17317288
116224,17458784
116352,17088008
116480,17527112
116608,17339296
116736,17298528
116864,17077104
116992,17040336
117120,16944424
117248,17366640
117376,17025984
117504,17209560
117632,16913312
117760,16942624
117888,16887112
118016,17264440
118144,17121944
118272,16895168
118400,17292160
118528,17064032
118656,17136944
118784,16934512
118912,17966544
119040,17168704
119168,17091072
119296,17410688
119424,17318072
119552,16998448
119680,16908264
119808,17259808
119936,17343200
120064,17328816
120192,17048872
120320,17461504
120448,17399512
120576,17319688
120704,16924304
120832,16943136
120960,17508256
121088,17254624
121216,17371952
121344,17467864
121472,17249880
121600,16959536
121728,17069984
121856,16970088
121984,16892680
122112,16945800
122240,16944920
122368,17039568
122496,17534832
122624,16875696
122752,17223056
122880,17244512
123008,16946312
123136,17765576
123264,16861688
123392,16930488
123520,16991888
123648,17298584
123776,17165392
123904,16964520
124032,17084696
124160,17473136
124288,17030944
124416,17029144
124544,16907376
124672,16970328
124800,16980952
124928,17319312
125056,17740424
125184,17746568
125312,17349992
125440,16970864
125568,19840016
125696,17134784
125824,17545360
125952,16883384
126080,16884064
126208,16909264
126336,16910504
126464,17008824
126592,16922992
126720,17038792
126848,17298736
126976,17020576
127104,17516384
127232,17208528
127360,16863600
127488,16881752
127616,16874328
127744,16948448
127872,17211056
