128,9030296
256,9025584
384,9000072
512,9023240
640,9015472
768,9968712
896,9750928
1024,9246144
1152,9611240
1280,9280056
1408,9941952
1536,9017048
1664,9445328
1792,9227712
1920,9135288
2048,9053816
2176,9133280
2304,9020472
2432,9032472
2560,9136248
2688,9067552
2816,9154328
2944,9131168
3072,9095208
3200,9101112
3328,9023880
3456,9734464
3584,9965584
3712,9095056
3840,9249192
3968,9037928
4096,9028064
4224,12200472
4352,14228224
4480,15967000
4608,18553072
4736,18522432
4864,16726768
4992,17237472
5120,16651048
5248,17163728
5376,16788712
5504,16957976
5632,16836576
5760,16967328
5888,16842984
6016,16772112
6144,16780976
6272,16817552
6400,16777200
6528,16813792
6656,16645120
6784,16770768
6912,18003216
7040,19814224
7168,19694336
7296,17295040
7424,16743304
7552,16506584
7680,16483472
7808,16934744
7936,16619888
8064,16822192
8192,16534640
8320,16810304
8448,17215984
8576,16830632
8704,16499744
8832,16675416
8960,17055872
9088,17017048
9216,17153360
9344,16865064
9472,17124384
9600,16843992
9728,16953160
9856,17175976
9984,17079632
10112,17131200
10240,16940168
10368,16947416
10496,18181344
10624,22548856
10752,18255512
10880,17204552
11008,16870512
11136,16914896
11264,17091792
11392,17073960
11520,16985272
11648,16954656
11776,17605360
11904,19134488
12032,17242200
12160,16960968
12288,16929728
12416,17131728
12544,17528768
12672,16980416
12800,16883280
12928,16946016
13056,16881816
13184,16985328
13312,16948152
13440,16960968
13568,17000976
13696,17342144
13824,17161296
13952,16944488
14080,18198992
14208,17024136
14336,16992264
14464,16985576
14592,16986528
14720,16964992
14848,17077456
14976,19211264
15104,17221568
15232,17168424
15360,17498408
15488,17605440
15616,17181184
15744,17148248
15872,16957992
16000,17246328
16128,17355904
16256,17716680
16384,17191432
16512,17146944
16640,17118616
16768,16931848
16896,17479296
17024,16978672
17152,17118680
17280,17322088
17408,17209120
17536,17622272
17664,17214624
17792,18116480
17920,17847728
18048,18365888
18176,17567224
18304,17836248
18432,17215576
18560,17114024
18688,17557160
18816,17231240
18944,16983424
19072,17522664
19200,17106600
19328,18651720
19456,17033304
19584,17048040
19712,17008808
19840,17081808
19968,96909040
20096,17015496
20224,17252496
20352,16962600
20480,17101768
20608,17116696
20736,16961344
20864,17162624
20992,16925800
21120,17116272
21248,17364688
21376,17727888
21504,17570840
21632,17074024
21760,17090768
21888,16988880
22016,17482696
22144,17212072
22272,17679032
22400,17209536
22528,16711408
22656,16632944
22784,16845464
22912,17568736
23040,19051160
23168,20076472
23296,19868296
23424,19329040
23552,17892440
23680,18671008
23808,18093416
23936,18421576
24064,18310304
24192,21526888
24320,19494560
24448,18062392
24576,17411064
24704,18131184
24832,17398752
24960,17958288
25088,17394096
25216,16951744
25344,17005760
25472,16940592
25600,17622184
25728,17274312
25856,16848928
25984,16977496
26112,17497552
26240,17242472
26368,17758392
26496,17202752
26624,17065656
26752,16904576
26880,18521696
27008,18174760
27136,17942888
27264,18281136
27392,17459800
27520,18285576
27648,16926488
27776,16939232
27904,17149176
28032,16894880
28160,16925680
28288,18015072
28416,17416728
28544,16907936
28672,16973360
28800,17102744
28928,17264960
29056,17383176
29184,17303768
29312,16909280
29440,17088216
29568,17109896
29696,16900136
29824,16981744
29952,16905528
30080,16960440
30208,17103048
30336,17005344
30464,17009112
30592,16991760
30720,17080704
30848,16886864
30976,17150632
31104,16894864
31232,16937216
31360,16846704
31488,17280000
31616,18288336
31744,17691832
31872,17342776
32000,17934064
32128,17839480
32256,17500880
32384,18050384
32512,17302312
32640,18934568
32768,17674648
32896,21125144
33024,19741336
33152,19796312
33280,19136944
33408,20439360
33536,18449760
33664,18048008
33792,20720832
33920,20675824
34048,17945776
34176,21370800
34304,18728024
34432,20400584
34560,17175792
34688,18538440
34816,21254240
34944,20884336
35072,21294168
35200,18271784
35328,20755224
35456,19759184
35584,20209872
35712,17611480
35840,20363456
35968,18836528
36096,18287296
36224,17584160
36352,22249168
36480,20982608
36608,22124296
36736,21999048
36864,20511392
36992,18041280
37120,21255848
37248,18276688
37376,16874752
37504,16851360
37632,16900656
37760,16861736
37888,19594344
38016,19992528
38144,17319896
38272,17624136
38400,17093968
38528,17086800
38656,17270824
38784,17465280
38912,17291328
39040,16480656
39168,17831560
39296,17590528
39424,17751040
39552,17346280
39680,17044280
39808,17674688
39936,17597768
40064,17087264
40192,16961112
40320,17419560
40448,17559776
40576,17742664
40704,17664808
40832,17938288
40960,18438600
41088,18897632
41216,19343472
41344,19490088
41472,20338400
41600,20323192
41728,17464296
41856,17497816
41984,16921720
42112,16916992
42240,17019296
42368,16839560
42496,17947000
42624,18820160
42752,20338288
42880,17891984
43008,18689280
43136,18192040
43264,18750544
43392,17088784
43520,16983784
43648,16926256
43776,16879600
43904,16870056
44032,16986552
44160,22462128
44288,20609696
44416,18922976
44544,18690000
44672,21433880
44800,21125632
44928,21226768
45056,22731296
45184,21572352
45312,20006088
45440,18866472
45568,17248104
45696,16881952
45824,17878696
45952,17720464
46080,17109336
46208,17821448
46336,17103000
46464,16964320
46592,17014800
46720,21965104
46848,17953584
46976,17410576
47104,17540912
47232,17798704
47360,17934952
47488,17975904
47616,17044632
47744,17170784
47872,17028488
48000,17094120
48128,16858464
48256,17502112
48384,16899736
48512,17202776
48640,17028152
48768,16994016
48896,17199952
49024,17005104
49152,17876544
49280,16864144
49408,17167728
49536,16965144
49664,17715424
49792,17211352
49920,17151288
50048,17213800
50176,17303648
50304,17020184
50432,16941896
50560,16849064
50688,17363584
50816,17046624
50944,17235504
51072,17377720
51200,17724144
51328,16837576
51456,16858592
51584,16886152
51712,17079648
51840,17192040
51968,17189800
52096,16893752
52224,16905464
52352,17301448
52480,17162144
52608,16900040
52736,17319248
52864,17654080
52992,17601944
53120,16927200
53248,17076672
53376,16918384
53504,96719736
53632,16979056
53760,16891448
53888,17022968
54016,18258816
54144,17221472
54272,16867024
54400,17167744
54528,17566928
54656,17689672
54784,17553520
54912,18784512
55040,17206672
55168,17879256
55296,17189288
55424,17043688
55552,17888856
55680,17575840
55808,17253816
55936,17099624
56064,17399672
56192,16916448
56320,16864880
56448,16845280
56576,17076928
56704,17147544
56832,16875744
56960,17100224
57088,17056176
57216,17065304
57344,17018656
57472,17559496
57600,18334912
57728,17170152
57856,16861928
57984,16845736
58112,16837840
58240,16876168
58368,16913112
58496,17007240
58624,17135136
58752,17144680
58880,17998632
59008,17202080
59136,16857608
59264,16879984
59392,17964600
59520,17160304
59648,18123192
59776,18226256
59904,17194264
60032,17179568
60160,16877048
60288,16910240
60416,17096384
60544,17255056
60672,17387496
60800,17073768
60928,17272616
61056,17681432
61184,16839080
61312,16944312
61440,16864000
61568,17174368
61696,17826560
61824,17073528
61952,17115680
62080,17148000
62208,16887336
62336,17075712
62464,16994080
62592,17078520
62720,17227528
62848,17859784
62976,17175616
63104,17451264
63232,17941536
63360,16862592
63488,17103096
63616,17163944
63744,17464024
63872,17315488
64000,17245728
64128,17371472
64256,17474576
64384,17103912
64512,17321944
64640,17087600
64768,17452600
64896,17155976
65024,17332688
65152,17180832
65280,17373728
65408,17955872
65536,17750528
65664,19673608
65792,19994040
65920,18989176
66048,17270120
66176,17540376
66304,17089624
66432,17269888
66560,17127200
66688,17238232
66816,17041728
66944,16878336
67072,17129112
67200,16863880
67328,16846264
67456,16879056
67584,17192088
67712,17156464
67840,16835840
67968,16845968
68096,17040992
68224,16889504
68352,16861968
68480,16847968
68608,17589568
68736,17172024
68864,17041400
68992,16977424
69120,16876944
69248,17412712
69376,17369560
69504,17063256
69632,17007888
69760,17060056
69888,16828648
70016,17084544
70144,17022600
70272,16848784
70400,17198824
70528,16868296
70656,17053584
70784,16837496
70912,16854288
71040,16869848
71168,16869776
71296,17152000
71424,17378864
71552,18434896
71680,16856216
71808,16867592
71936,16847352
72064,17060224
72192,17073816
72320,17084624
72448,16871472
72576,16851312
72704,17142408
72832,17347960
72960,17147752
73088,17170952
73216,17124520
73344,17224096
73472,16931144
73600,17095008
73728,19313064
73856,18076000
73984,17179632
74112,16865568
74240,16937872
74368,16854992
74496,17707240
74624,17695248
74752,19751768
74880,18242232
75008,17570528
75136,17017864
75264,17774160
75392,16983480
75520,17966520
75648,16867512
75776,17326216
75904,18033224
76032,16911736
76160,16897664
76288,16923288
76416,17031056
76544,16976200
76672,17295688
76800,17753856
76928,17623512
77056,16873488
77184,17649320
77312,17485728
77440,18326736
77568,17986856
77696,17979080
77824,18051448
77952,18119920
78080,17834488
78208,17178544
78336,16963608
78464,17515336
78592,17403816
78720,17395104
78848,16858896
78976,17559744
79104,17126080
79232,16861344
79360,17199112
79488,16865968
79616,17237472
79744,16872168
79872,17546480
80000,18189024
80128,17242864
80256,16892528
80384,17623976
80512,17432464
80640,16951888
80768,17024088
80896,16848392
81024,17358152
81152,16843800
81280,17383000
81408,16852256
81536,17706376
81664,17340008
81792,17193304
81920,16976592
82048,16939880
82176,17046776
82304,16921304
82432,16879824
82560,16869144
82688,16872600
82816,16848632
82944,17170752
83072,18004784
83200,17475520
83328,17349592
83456,17915824
83584,17494408
83712,16887824
83840,16869952
83968,19363600
84096,18014632
84224,17395984
84352,16926208
84480,17907288
84608,17804112
84736,17173136
84864,17125104
84992,16884440
85120,17134800
85248,17167032
85376,16953768
85504,17484680
85632,16870768
85760,16936184
85888,17209304
86016,16968816
86144,16945616
86272,17045984
86400,17440328
86528,17216328
86656,17175528
86784,17281128
86912,16998152
87040,17102952
87168,17439720
87296,17446928
87424,17052376
87552,16955624
87680,18393888
87808,17356208
87936,17373952
88064,17379728
88192,17274264
88320,17177128
88448,17040888
88576,17468752
88704,17665024
88832,16995064
88960,17559400
89088,17254760
89216,17697160
89344,17891384
89472,17833632
89600,17585648
89728,16957752
89856,17379256
89984,17607776
90112,17156200
90240,17133760
90368,17478096
90496,17237208
90624,17501376
90752,17574344
90880,17178400
91008,17842280
91136,17258752
91264,17246752
91392,17168832
91520,17344512
91648,17056184
91776,17314752
91904,16960144
92032,17149952
92160,17178104
92288,18466832
92416,17465488
92544,17925120
92672,17294488
92800,16867272
92928,17298168
93056,16969456
93184,16944328
93312,18313656
93440,17032056
93568,17675840
93696,17269632
93824,17200008
93952,17061048
94080,16878424
94208,16910376
94336,16871088
94464,17581744
94592,17279640
94720,16907416
94848,17172088
94976,17358256
95104,16892656
95232,17092512
95360,16901728
95488,16861864
95616,17398064
95744,17283872
95872,16857496
96000,17288576
96128,16943064
96256,17072576
96384,17464816
96512,18116944
96640,17408008
96768,16986880
96896,16863952
97024,17094376
97152,17227640
97280,16965656
97408,17114344
97536,17184280
97664,16936688
97792,16964992
97920,16964608
98048,17180920
98176,17327480
98304,17419240
98432,16994992
98560,16854912
98688,17108400
98816,16981528
98944,16860640
99072,16854440
99200,16847408
99328,17179280
99456,18004032
99584,17363456
99712,17151904
99840,16869768
99968,16841168
100096,16929064
100224,16969848
100352,17162856
100480,16839800
100608,16848960
100736,16868264
100864,16859712
100992,17180240
101120,17476448
101248,17128712
101376,16856976
101504,16864384
101632,16849296
101760,16860144
101888,16853152
102016,17238960
102144,17824208
102272,17060272
102400,18174480
102528,16923024
102656,17912896
102784,17684496
102912,18027560
103040,18172712
103168,19134880
103296,20213992
103424,18293144
103552,17479288
103680,17096840
103808,16879520
103936,16840400
104064,17541624
104192,17002640
104320,17150456
104448,17262608
104576,17349624
104704,18078648
104832,16908448
104960,17371192
105088,17221960
105216,16875016
105344,17040824
105472,17288968
105600,17173888
105728,17030080
105856,17293464
105984,17264712
106112,17252856
106240,17192400
106368,16884464
106496,16868392
106624,16850136
106752,17123552
106880,17007800
107008,16998072
107136,17716784
107264,16980032
107392,17138400
107520,17108544
107648,16955688
107776,17107912
107904,16845752
108032,16851800
108160,16853376
108288,16869352
108416,17065312
108544,16892080
108672,17252936
108800,17181792
108928,17091888
109056,16999360
109184,17377864
109312,17364392
109440,17314408
109568,17546392
109696,18190816
109824,17576360
109952,17127560
110080,19996864
110208,18478536
110336,17848600
110464,17902296
110592,17768840
110720,19680704
110848,18341472
110976,18489416
111104,20553384
111232,17368552
111360,17193512
111488,16903640
111616,16897152
111744,17576160
111872,17654944
112000,17597128
112128,17706856
112256,16900176
112384,16876112
112512,16840224
112640,16891544
112768,17015928
112896,16844896
113024,16839592
113152,16860704
113280,16865216
113408,17010584
113536,16847160
113664,16966568
113792,16857744
113920,16860160
114048,17167000
114176,17057704
114304,17978712
114432,17276944
114560,17170776
114688,17041056
114816,17404328
114944,18031072
115072,17205824
115200,16928520
115328,17796976
115456,17040368
115584,18206432
115712,17488080
115840,17367784
115968,17620408
116096,16889448
116224,17025168
116352,17198136
116480,16896592
116608,17631624
116736,17160000
116864,17591952
116992,17815392
117120,17229800
117248,16859128
117376,16890064
117504,18424088
117632,18002680
117760,16889064
117888,16883880
118016,16867792
118144,17027336
118272,17467456
118400,17450840
118528,16909600
118656,17261648
118784,16959480
118912,19795824
119040,16886256
119168,17177888
119296,16964984
119424,16935280
119552,17464008
119680,17025512
119808,16875208
119936,16870336
120064,17289552
120192,16950144
120320,17263568
120448,17377800
120576,17215024
120704,16844600
120832,17261040
120960,16933632
121088,16857592
121216,17417976
121344,17336280
121472,16992504
121600,16971184
121728,17201608
121856,17643848
121984,16893184
122112,16879032
122240,17990112
122368,17354856
122496,17621976
122624,17483048
122752,16840968
122880,17331248
123008,17073312
123136,17524672
123264,16853792
123392,17336784
123520,16902688
123648,17211888
123776,17459312
123904,17067048
124032,16843704
124160,16900632
124288,17001320
124416,19109072
124544,17159656
124672,17216488
124800,17611712
124928,17269248
125056,17326824
125184,16852896
125312,16949216
125440,16870248
125568,17063152
125696,17402600
125824,17019608
125952,17006416
126080,17196784
126208,16843832
126336,16887200
126464,17067296
126592,17076808
126720,16877704
126848,16840592
126976,16859624
127104,16866808
127232,17009872
127360,16905456
127488,18499608
127616,18637792
127744,17649480
127872,17529832
